# Comparison: MARLEY vs TALYS U(r)
# System: n + ar40  (KD03 global)
# l = 5  (l.s eigenvalue = 5)
# Columns:  E(MeV)  r(fm)  Re(MARLEY)(MeV)  Im(MARLEY)(MeV)  Re(TALYS)(MeV)  Im(TALYS)(MeV)  rel_diff_Re  rel_diff_Im
   20.00000   0.26746   -4.57059600e+01   -1.71662500e+00   -4.56892850e+01   -1.71697525e+00   -3.64965221e-04    2.03992457e-04
   20.00000   0.53492   -4.54455800e+01   -1.72491300e+00   -4.54323200e+01   -1.72520520e+00   -2.91862709e-04    1.69371157e-04
   20.00000   0.80238   -4.53563200e+01   -1.73249500e+00   -4.53422800e+01   -1.73282340e+00   -3.09644773e-04    1.89517293e-04
   20.00000   1.06984   -4.52975500e+01   -1.74426000e+00   -4.52810700e+01   -1.74467330e+00   -3.63948997e-04    2.36892489e-04
   20.00000   1.33730   -4.52301900e+01   -1.76456200e+00   -4.52095450e+01   -1.76511530e+00   -4.56651355e-04    3.13463942e-04
   20.00000   1.60476   -4.51233100e+01   -1.80006500e+00   -4.50967550e+01   -1.80084455e+00   -5.88845029e-04    4.32880228e-04
   20.00000   1.87222   -4.49338200e+01   -1.86169600e+00   -4.48993750e+01   -1.86279610e+00   -7.67159899e-04    5.90563830e-04
   20.00000   2.13968   -4.45909200e+01   -1.96722800e+00   -4.45462350e+01   -1.96880520e+00   -1.00311508e-03    8.01094999e-04
   20.00000   2.40714   -4.39783500e+01   -2.14459400e+00   -4.39215450e+01   -2.14685250e+00   -1.29332882e-03    1.05200520e-03
   20.00000   2.67460   -4.29199800e+01   -2.43492400e+00   -4.28504050e+01   -2.43810450e+00   -1.62367193e-03    1.30449700e-03
   20.00000   2.94206   -4.11883400e+01   -2.89189500e+00   -4.11073350e+01   -2.89623250e+00   -1.97057289e-03    1.49763529e-03
   20.00000   3.20952   -3.85640400e+01   -3.56949700e+00   -3.84761850e+01   -3.57509800e+00   -2.28336047e-03    1.56667034e-03
   20.00000   3.47698   -3.49479200e+01   -4.48633300e+00   -3.48598450e+01   -4.49296700e+00   -2.52654594e-03    1.47652987e-03
   20.00000   3.74444   -3.04637300e+01   -5.56154600e+00   -3.03822500e+01   -5.56830100e+00   -2.68182903e-03    1.21311689e-03
   20.00000   4.01190   -2.54620100e+01   -6.55538900e+00   -2.53921100e+01   -6.56058865e+00   -2.75282361e-03    7.92558454e-04
   20.00000   4.27936   -2.04085000e+01   -7.10718900e+00   -2.03521500e+01   -7.10901875e+00   -2.76874925e-03    2.57384326e-04
   20.00000   4.54682   -1.57329500e+01   -6.93540300e+00   -1.56898050e+01   -6.93314550e+00   -2.74987484e-03   -3.25609783e-04
   20.00000   4.81428   -1.17223300e+01   -6.05911600e+00   -1.16905800e+01   -6.05381640e+00   -2.71586183e-03   -8.75414722e-04
   20.00000   5.08174   -8.49165000e+00   -4.78731900e+00   -8.46899200e+00   -4.78093270e+00   -2.67540694e-03   -1.33578538e-03
   20.00000   5.34920   -6.01682500e+00   -3.48760800e+00   -6.00106050e+00   -3.48176030e+00   -2.62695235e-03   -1.67952400e-03
   20.00000   5.61666   -4.19292700e+00   -2.39341200e+00   -4.18215400e+00   -2.38882143e+00   -2.57594531e-03   -1.92168822e-03
   20.00000   5.88412   -2.88680100e+00   -1.57644400e+00   -2.87953600e+00   -1.57318135e+00   -2.52297592e-03   -2.07392174e-03
   20.00000   6.15158   -1.97062700e+00   -1.01084500e+00   -1.96577150e+00   -1.00865438e+00   -2.47002258e-03   -2.17182421e-03
   20.00000   6.41904   -1.33728600e+00   -6.37310200e-01   -1.33406050e+00   -6.35895400e-01   -2.41780639e-03   -2.22489422e-03
   20.00000   6.68650   -9.03854600e-01   -3.97686300e-01   -9.01724850e-01   -3.96792060e-01   -2.36186238e-03   -2.25367413e-03
   20.00000   6.95396   -6.09263600e-01   -2.46659500e-01   -6.07857250e-01   -2.46102225e-01   -2.31361886e-03   -2.26440252e-03
   20.00000   7.22142   -4.09959100e-01   -1.52471100e-01   -4.09032700e-01   -1.52126795e-01   -2.26485560e-03   -2.26327650e-03
   20.00000   7.48888   -2.75535400e-01   -9.40908200e-02   -2.74925000e-01   -9.38787525e-02   -2.22024188e-03   -2.25895098e-03
   20.00000   7.75634   -1.85053800e-01   -5.80285000e-02   -1.84650680e-01   -5.78982380e-02   -2.18314928e-03   -2.24984394e-03
   20.00000   8.02380   -1.24229300e-01   -3.57905500e-02   -1.23963210e-01   -3.57106337e-02   -2.14652396e-03   -2.23788524e-03
   20.00000   8.29126   -8.33750300e-02   -2.20864100e-02   -8.31996800e-02   -2.20374369e-02   -2.10758022e-03   -2.22226614e-03
   20.00000   8.55872   -5.59482800e-02   -1.36410200e-02   -5.58324400e-02   -1.36109659e-02   -2.07477947e-03   -2.20807988e-03
   20.00000   8.82618   -3.75413800e-02   -8.43395200e-03   -3.74648100e-02   -8.41551135e-03   -2.04378455e-03   -2.19126910e-03
   20.00000   9.09364   -2.51900300e-02   -5.22100900e-03   -2.51392655e-02   -5.20967365e-03   -2.01933107e-03   -2.17582727e-03
   20.00000   9.36110   -1.69026200e-02   -3.23651300e-03   -1.68690450e-02   -3.22954159e-03   -1.99033200e-03   -2.15863918e-03
   20.00000   9.62856   -1.13421300e-02   -2.00934600e-03   -1.13198515e-02   -2.00504945e-03   -1.96809119e-03   -2.14286486e-03
   20.00000   9.89602   -7.61122000e-03   -1.24949600e-03   -7.59646400e-03   -1.24685233e-03   -1.94248271e-03   -2.12027514e-03
   20.00000  10.16348   -5.10782900e-03   -7.78332000e-04   -5.09803015e-03   -7.76698675e-04   -1.92208553e-03   -2.10290690e-03
   20.00000  10.43094   -3.42799900e-03   -4.85721600e-04   -3.42148525e-03   -4.84711630e-04   -1.90377848e-03   -2.08365126e-03
   20.00000  10.69840   -2.30073700e-03   -3.03699000e-04   -2.29641325e-03   -3.03073286e-04   -1.88282749e-03   -2.06456501e-03
   20.00000  10.96586   -1.54423900e-03   -1.90270600e-04   -1.54136395e-03   -1.89882110e-04   -1.86526355e-03   -2.04595367e-03
   20.00000  11.23332   -1.03653000e-03   -1.19456200e-04   -1.03461420e-03   -1.19214482e-04   -1.85170472e-03   -2.02759343e-03
   20.00000  11.50078   -6.95773800e-04   -7.51602500e-05   -6.94498585e-04   -7.50096955e-05   -1.83616645e-03   -2.00713386e-03
   20.00000  11.76824   -4.67059000e-04   -4.73958600e-05   -4.66209445e-04   -4.73018120e-05   -1.82226038e-03   -1.98825364e-03
   20.00000  12.03570   -3.13538900e-04   -2.99565700e-05   -3.12972560e-04   -2.98977765e-05   -1.80955161e-03   -1.96648570e-03
   20.00000  12.30316   -2.10487400e-04   -1.89786700e-05   -2.10109700e-04   -1.89417205e-05   -1.79763238e-03   -1.95069397e-03
   20.00000  12.57062   -1.41310500e-04   -1.20525800e-05   -1.41058930e-04   -1.20293752e-05   -1.78343902e-03   -1.92900708e-03
   20.00000  12.83808   -9.48714000e-05   -7.67269900e-06   -9.47035930e-05   -7.65806720e-06   -1.77191799e-03   -1.91063876e-03
   20.00000  13.10554   -6.36953500e-05   -4.89642000e-06   -6.35833070e-05   -4.88717300e-06   -1.76214490e-03   -1.89209590e-03
   20.00000  13.37300   -4.27652300e-05   -3.13238200e-06   -4.26904290e-05   -3.12652160e-06   -1.75217260e-03   -1.87441532e-03
   20.00000  13.64046   -2.87133400e-05   -2.00879000e-06   -2.86634015e-05   -2.00506706e-06   -1.74223914e-03   -1.85676583e-03
   20.00000  13.90792   -1.92790400e-05   -1.29137100e-06   -1.92457100e-05   -1.28899898e-06   -1.73181452e-03   -1.84020705e-03
   20.00000  14.17538   -1.29448000e-05   -8.32169300e-07   -1.29225543e-05   -8.30656895e-07   -1.72146307e-03   -1.82073370e-03
   20.00000  14.44284   -8.69186600e-06   -5.37526600e-07   -8.67699155e-06   -5.36558003e-07   -1.71424046e-03   -1.80520371e-03
   20.00000  14.71030   -5.83629900e-06   -3.48012000e-07   -5.82636275e-06   -3.47390116e-07   -1.70539502e-03   -1.79016032e-03
   20.00000  14.97776   -3.91893900e-06   -2.25823300e-07   -3.91229570e-06   -2.25423566e-07   -1.69805672e-03   -1.77325515e-03
   20.00000  15.24522   -2.63151100e-06   -1.46857000e-07   -2.62707150e-06   -1.46599470e-07   -1.68990452e-03   -1.75669121e-03
   20.00000  15.51268   -1.76704500e-06   -9.57060200e-08   -1.76407592e-06   -9.55393690e-08   -1.68308233e-03   -1.74431757e-03
   20.00000  15.78014   -1.18657400e-06   -6.24982200e-08   -1.18459029e-06   -6.23902114e-08   -1.67460009e-03   -1.73117782e-03
   20.00000  16.04760   -7.96794900e-07   -4.08924000e-08   -7.95467010e-07   -4.08222730e-08   -1.66932127e-03   -1.71786123e-03
   20.00000  16.31506   -5.35060100e-07   -2.68056000e-08   -5.34172145e-07   -2.67599429e-08   -1.66230120e-03   -1.70617517e-03
   20.00000  16.58252   -3.59304400e-07   -1.76025800e-08   -3.58710200e-07   -1.75727846e-08   -1.65649039e-03   -1.69554232e-03
   20.00000  16.84998   -2.41282700e-07   -1.15785700e-08   -2.40885235e-07   -1.15590732e-08   -1.65001811e-03   -1.68670962e-03
   20.00000  17.11744   -1.62029100e-07   -7.62816800e-09   -1.61763098e-07   -7.61543924e-09   -1.64439234e-03   -1.67144134e-03
   20.00000  17.38490   -1.08808600e-07   -5.03306200e-09   -1.08630969e-07   -5.02471762e-09   -1.63517366e-03   -1.66066745e-03
   20.00000  17.65236   -7.30694900e-08   -3.32545500e-09   -7.29504500e-08   -3.31996739e-09   -1.63179254e-03   -1.65291232e-03
   20.00000  17.91982   -4.90695000e-08   -2.20007500e-09   -4.89898930e-08   -2.19646289e-09   -1.62496783e-03   -1.64451219e-03
   20.00000  18.18728   -3.29525900e-08   -1.45731600e-09   -3.28992695e-08   -1.45493433e-09   -1.62072140e-03   -1.63696048e-03
   20.00000  18.45474   -2.21294100e-08   -9.66414800e-10   -2.20937863e-08   -9.64846349e-10   -1.61238320e-03   -1.62559666e-03
   20.00000  18.72220   -1.48611400e-08   -6.41551500e-10   -1.48372961e-08   -6.40515752e-10   -1.60702461e-03   -1.61705235e-03
   20.00000  18.98966   -9.98013600e-09   -4.26308800e-10   -9.96416025e-09   -4.25623817e-10   -1.60332126e-03   -1.60936130e-03
   20.00000  19.25712   -6.70227900e-09   -2.83537300e-10   -6.69158380e-09   -2.83082988e-10   -1.59830622e-03   -1.60487037e-03
   20.00000  19.52458   -4.50101300e-09   -1.88737800e-10   -4.49385406e-09   -1.88436684e-10   -1.59305017e-03   -1.59796645e-03
   20.00000  19.79204   -3.02273100e-09   -1.25730900e-10   -3.01793992e-09   -1.25531306e-10   -1.58753492e-03   -1.58999541e-03
   20.00000  20.05950   -2.02997300e-09   -8.38172600e-11   -2.02676776e-09   -8.36848100e-11   -1.58145401e-03   -1.58272451e-03
