# Comparison: MARLEY vs TALYS U(r)
# System: n + ar40  (KD03 global)
# MARLEY l = 1,  TALYS l.s = 2.0
# Columns:  E(MeV)  r(fm)  Re(MARLEY)(MeV)  Im(MARLEY)(MeV)  Re(TALYS)(MeV)  Im(TALYS)(MeV)  rel_diff_Re  rel_diff_Im
   20.00000   0.26746   -4.51953800e+01   -1.72681000e+00   -4.45379460e+01   -1.73994190e+00   -1.47612106e-02    7.54732098e-03
   20.00000   0.53492   -4.50461000e+01   -1.73288200e+00   -4.45315320e+01   -1.74317392e+00   -1.15551381e-02    5.90412688e-03
   20.00000   0.80238   -4.49409100e+01   -1.74078100e+00   -4.44055680e+01   -1.75150864e+00   -1.20557404e-02    6.12479993e-03
   20.00000   1.06984   -4.48139500e+01   -1.75390700e+00   -4.41906520e+01   -1.76642468e+00   -1.41047478e-02    7.08644990e-03
   20.00000   1.33730   -4.46342600e+01   -1.77644900e+00   -4.38659020e+01   -1.79191788e+00   -1.75160652e-02    8.63258310e-03
   20.00000   1.60476   -4.43673200e+01   -1.81514500e+00   -4.33923180e+01   -1.83484418e+00   -2.24694611e-02    1.07361596e-02
   20.00000   1.87222   -4.39648600e+01   -1.88102400e+00   -4.27149900e+01   -1.90636956e+00   -2.92606881e-02    1.32951976e-02
   20.00000   2.13968   -4.33565300e+01   -1.99185200e+00   -4.17638260e+01   -2.02430792e+00   -3.81359696e-02    1.60330944e-02
   20.00000   2.40714   -4.24415800e+01   -2.17524900e+00   -4.04581620e+01   -2.21593900e+00   -4.90239275e-02    1.83624188e-02
   20.00000   2.67460   -4.10847900e+01   -2.47153200e+00   -3.87154980e+01   -2.52058620e+00   -6.11975080e-02    1.94614253e-02
   20.00000   2.94206   -3.91272500e+01   -2.93300900e+00   -3.64648860e+01   -2.98883900e+00   -7.30117187e-02    1.86794939e-02
   20.00000   3.20952   -3.64263200e+01   -3.61214000e+00   -3.36628660e+01   -3.67111280e+00   -8.20920595e-02    1.60640120e-02
   20.00000   3.47698   -3.29259700e+01   -4.52666600e+00   -3.03089420e+01   -4.58374720e+00   -8.63450793e-02    1.24529555e-02
   20.00000   3.74444   -2.87256400e+01   -5.59621700e+00   -2.64717000e+01   -5.64630760e+00   -8.51452683e-02    8.87139057e-03
   20.00000   4.01190   -2.40952200e+01   -6.58265400e+00   -2.23179760e+01   -6.62191054e+00   -7.96328484e-02    5.92828003e-03
   20.00000   4.27936   -1.94115400e+01   -7.12707600e+00   -1.81104000e+01   -7.15373650e+00   -7.18449068e-02    3.72679368e-03
   20.00000   4.54682   -1.50469400e+01   -6.94908700e+00   -1.41475580e+01   -6.96390980e+00   -6.35715365e-02    2.12851694e-03
   20.00000   4.81428   -1.12698000e+01   -6.06814300e+00   -1.06733680e+01   -6.07410744e+00   -5.58803931e-02    9.81945094e-04
   20.00000   5.08174   -8.20164900e+00   -4.79310400e+00   -7.81717720e+00   -4.79393492e+00   -4.91829455e-02    1.73327343e-04
   20.00000   5.34920   -5.83446700e+00   -3.49124600e+00   -5.59120980e+00   -3.48993588e+00   -4.35070778e-02   -3.75399447e-04
   20.00000   5.61666   -4.07961200e+00   -2.39567200e+00   -3.92748840e+00   -2.39390143e+00   -3.87330488e-02   -7.39617755e-04
   20.00000   5.88412   -2.81688900e+00   -1.57783900e+00   -2.72241960e+00   -1.57631546e+00   -3.47005289e-02   -9.66518465e-04
   20.00000   6.15158   -1.92766700e+00   -1.01170200e+00   -1.86922540e+00   -1.01058025e+00   -3.12651433e-02   -1.11000784e-03
   20.00000   6.41904   -1.31094100e+00   -6.37835800e-01   -1.27485380e+00   -6.37076440e-01   -2.83069321e-02   -1.19194488e-03
   20.00000   6.68650   -8.87710600e-01   -3.98008300e-01   -8.65444060e-01   -3.97515776e-01   -2.57284567e-02   -1.23900491e-03
   20.00000   6.95396   -5.99370800e-01   -2.46856900e-01   -5.85624900e-01   -2.46545710e-01   -2.34721918e-02   -1.26220083e-03
   20.00000   7.22142   -4.03894100e-01   -1.52592100e-01   -3.95402720e-01   -1.52398682e-01   -2.14752696e-02   -1.26915796e-03
   20.00000   7.48888   -2.71814500e-01   -9.41650400e-02   -2.66562800e-01   -9.40455590e-02   -1.97015488e-02   -1.27045871e-03
   20.00000   7.75634   -1.82769000e-01   -5.80740700e-02   -1.79515928e-01   -5.80006648e-02   -1.81213558e-02   -1.26559239e-03
   20.00000   8.02380   -1.22825000e-01   -3.58185600e-02   -1.20807316e-01   -3.57735865e-02   -1.67016706e-02   -1.25717001e-03
   20.00000   8.29126   -8.25111400e-02   -2.21036400e-02   -8.12581880e-02   -2.20761652e-02   -1.54193938e-02   -1.24454495e-03
   20.00000   8.55872   -5.54163300e-02   -1.36516300e-02   -5.46369240e-02   -1.36348136e-02   -1.42651881e-02   -1.23333992e-03
   20.00000   8.82618   -3.72135200e-02   -8.44049200e-03   -3.67279760e-02   -8.43020946e-03   -1.32200043e-02   -1.21972533e-03
   20.00000   9.09364   -2.49877800e-02   -5.22504400e-03   -2.46847338e-02   -5.21874054e-03   -1.22766647e-02   -1.20785081e-03
   20.00000   9.36110   -1.67777500e-02   -3.23900400e-03   -1.65884220e-02   -3.23513937e-03   -1.14132616e-02   -1.19458038e-03
   20.00000   9.62856   -1.12649800e-02   -2.01088500e-03   -1.11464594e-02   -2.00850822e-03   -1.06330267e-02   -1.18335587e-03
   20.00000   9.89602   -7.56351400e-03   -1.25044800e-03   -7.48924640e-03   -1.24899107e-03   -9.91656517e-03   -1.16648712e-03
   20.00000  10.16348   -5.07830800e-03   -7.78920900e-04   -5.03168394e-03   -7.78022130e-04   -9.26609472e-03   -1.15519850e-03
   20.00000  10.43094   -3.40971900e-03   -4.86086200e-04   -3.38040190e-03   -4.85531148e-04   -8.67266700e-03   -1.14318515e-03
   20.00000  10.69840   -2.28941000e-03   -3.03925000e-04   -2.27095670e-03   -3.03581086e-04   -8.12578241e-03   -1.13285780e-03
   20.00000  10.96586   -1.53721600e-03   -1.90410700e-04   -1.52558042e-03   -1.90196956e-04   -7.62698567e-03   -1.12380347e-03
   20.00000  11.23332   -1.03217300e-03   -1.19543100e-04   -1.02482232e-03   -1.19409807e-04   -7.17263847e-03   -1.11626175e-03
   20.00000  11.50078   -6.93069400e-04   -7.52142000e-05   -6.88420366e-04   -7.51309418e-05   -6.75319068e-03   -1.10817458e-03
   20.00000  11.76824   -4.65379300e-04   -4.74293600e-05   -4.62434422e-04   -4.73771152e-05   -6.36820673e-03   -1.10274338e-03
   20.00000  12.03570   -3.12495200e-04   -2.99773900e-05   -3.10626776e-04   -2.99445694e-05   -6.01501269e-03   -1.09604448e-03
   20.00000  12.30316   -2.09838500e-04   -1.89916200e-05   -2.08651320e-04   -1.89708118e-05   -5.68977948e-03   -1.09685343e-03
   20.00000  12.57062   -1.40906900e-04   -1.20606300e-05   -1.40151828e-04   -1.20474699e-05   -5.38752873e-03   -1.09235384e-03
   20.00000  12.83808   -9.46202500e-05   -7.67770900e-06   -9.41391228e-05   -7.66932712e-06   -5.11081032e-03   -1.09290944e-03
   20.00000  13.10554   -6.35390100e-05   -4.89953800e-06   -6.32318972e-05   -4.89418280e-06   -4.85692844e-03   -1.09419697e-03
   20.00000  13.37300   -4.26678600e-05   -3.13432400e-06   -4.24715684e-05   -3.13088736e-06   -4.62171771e-03   -1.09765686e-03
   20.00000  13.64046   -2.86526700e-05   -2.01000000e-06   -2.85270394e-05   -2.00778718e-06   -4.40391301e-03   -1.10212080e-03
   20.00000  13.90792   -1.92412300e-05   -1.29212500e-06   -1.91607160e-05   -1.29069441e-06   -4.20203504e-03   -1.10838785e-03
   20.00000  14.17538   -1.29212200e-05   -8.32639700e-07   -1.28695583e-05   -8.31714042e-07   -4.01425743e-03   -1.11295223e-03
   20.00000  14.44284   -8.67715900e-06   -5.37820000e-07   -8.64393538e-06   -5.37217399e-07   -3.84357570e-03   -1.12170864e-03
   20.00000  14.71030   -5.82712300e-06   -3.48195000e-07   -5.80573690e-06   -3.47801554e-07   -3.68361508e-03   -1.13123819e-03
   20.00000  14.97776   -3.91321100e-06   -2.25937600e-07   -3.89942172e-06   -2.25680373e-07   -3.53623716e-03   -1.13978276e-03
   20.00000  15.24522   -2.62793500e-06   -1.46928300e-07   -2.61903340e-06   -1.46759812e-07   -3.39881118e-03   -1.14805271e-03
   20.00000  15.51268   -1.76481100e-06   -9.57505700e-08   -1.75905563e-06   -9.56395124e-08   -3.27184990e-03   -1.16121044e-03
   20.00000  15.78014   -1.18517800e-06   -6.25260500e-08   -1.18145389e-06   -6.24527754e-08   -3.15214503e-03   -1.17327980e-03
   20.00000  16.04760   -7.95922900e-07   -4.09097900e-08   -7.93506996e-07   -4.08613708e-08   -3.04459067e-03   -1.18496269e-03
   20.00000  16.31506   -5.34515100e-07   -2.68164700e-08   -5.32946942e-07   -2.67843829e-08   -2.94242799e-03   -1.19797944e-03
   20.00000  16.58252   -3.58963600e-07   -1.76093800e-08   -3.57944120e-07   -1.75880662e-08   -2.84815406e-03   -1.21183533e-03
   20.00000  16.84998   -2.41069600e-07   -1.15828200e-08   -2.40406106e-07   -1.15686307e-08   -2.75988830e-03   -1.22653064e-03
   20.00000  17.11744   -1.61895800e-07   -7.63082800e-09   -1.61463361e-07   -7.62141830e-09   -2.67824971e-03   -1.23463844e-03
   20.00000  17.38490   -1.08725200e-07   -5.03472600e-09   -1.08443412e-07   -5.02845895e-09   -2.59847781e-03   -1.24631543e-03
   20.00000  17.65236   -7.30172700e-08   -3.32649600e-09   -7.28330600e-08   -3.32230905e-09   -2.52920858e-03   -1.26025422e-03
   20.00000  17.91982   -4.90368000e-08   -2.20072700e-09   -4.89164028e-08   -2.19792884e-09   -2.46128483e-03   -1.27308762e-03
   20.00000  18.18728   -3.29321200e-08   -1.45772500e-09   -3.28532522e-08   -1.45585227e-09   -2.40060800e-03   -1.28634755e-03
   20.00000  18.45474   -2.21165900e-08   -9.66670500e-10   -2.20649655e-08   -9.65421260e-10   -2.33966104e-03   -1.29398393e-03
   20.00000  18.72220   -1.48531100e-08   -6.41711800e-10   -1.48192416e-08   -6.40875899e-10   -2.28543680e-03   -1.30431024e-03
   20.00000  18.98966   -9.97510300e-09   -4.26409200e-10   -9.95284790e-09   -4.25849473e-10   -2.23605346e-03   -1.31437758e-03
   20.00000  19.25712   -6.69912500e-09   -2.83600200e-10   -6.68449448e-09   -2.83224405e-10   -2.18872497e-03   -1.32684682e-03
   20.00000  19.52458   -4.49903600e-09   -1.88777200e-10   -4.48941037e-09   -1.88525326e-10   -2.14407354e-03   -1.33602103e-03
   20.00000  19.79204   -3.02149200e-09   -1.25755700e-10   -3.01515403e-09   -1.25586878e-10   -2.10203722e-03   -1.34426720e-03
   20.00000  20.05950   -2.02919600e-09   -8.38327700e-11   -2.02502090e-09   -8.37196560e-11   -2.06175848e-03   -1.35110445e-03
