# TALYS total OMP: n + ar40
# KD03 global (localomp n)
# l.s = 0.0
# Columns:  E(MeV)  r(fm)  Re(U)(MeV)  Im(U)(MeV)
    1.00000   0.26781   -5.16654000e+01   -2.78526000e-01
    1.00000   0.53562   -5.15754000e+01   -2.84542000e-01
    1.00000   0.80343   -5.14419000e+01   -2.94499000e-01
    1.00000   1.07124   -5.12442000e+01   -3.10948000e-01
    1.00000   1.33905   -5.09526000e+01   -3.38061000e-01
    1.00000   1.60686   -5.05242000e+01   -3.82607000e-01
    1.00000   1.87467   -4.98992000e+01   -4.55432000e-01
    1.00000   2.14248   -4.89963000e+01   -5.73566000e-01
    1.00000   2.41029   -4.77102000e+01   -7.62836000e-01
    1.00000   2.67810   -4.59146000e+01   -1.06008000e+00
    1.00000   2.94591   -4.34770000e+01   -1.51209000e+00
    1.00000   3.21372   -4.02904000e+01   -2.16480000e+00
    1.00000   3.48153   -3.63241000e+01   -3.03237000e+00
    1.00000   3.74934   -3.16783000e+01   -4.04210000e+00
    1.00000   4.01715   -2.66084000e+01   -4.98379000e+00
    1.00000   4.28496   -2.14856000e+01   -5.54456000e+00
    1.00000   4.55277   -1.66967000e+01   -5.48296000e+00
    1.00000   4.82058   -1.25346000e+01   -4.81686000e+00
    1.00000   5.08839   -9.14019000e+00   -3.80938000e+00
    1.00000   5.35620   -6.51276000e+00   -2.77022000e+00
    1.00000   5.62401   -4.55996000e+00   -1.89453000e+00
    1.00000   5.89182   -3.15199000e+00   -1.24214000e+00
    1.00000   6.15963   -2.15891000e+00   -7.92166000e-01
    1.00000   6.42744   -1.46927000e+00   -4.96367000e-01
    1.00000   6.69525   -9.95518000e-01   -3.07622000e-01
    1.00000   6.96306   -6.72482000e-01   -1.89368000e-01
    1.00000   7.23087   -4.53334000e-01   -1.16100000e-01
    1.00000   7.49868   -3.05176000e-01   -7.10090000e-02
    1.00000   7.76649   -2.05246000e-01   -4.33711000e-02
    1.00000   8.03430   -1.37950000e-01   -2.64710000e-02
    1.00000   8.30211   -9.26795000e-02   -1.61509000e-02
    1.00000   8.56992   -6.22474000e-02   -9.85354000e-03
    1.00000   8.83773   -4.17998000e-02   -6.01213000e-03
    1.00000   9.10554   -2.80654000e-02   -3.66907000e-03
    1.00000   9.37335   -1.88422000e-02   -2.23981000e-03
    1.00000   9.64116   -1.26493000e-02   -1.36781000e-03
    1.00000   9.90897   -8.49145000e-03   -8.35641000e-04
    1.00000  10.17678   -5.70016000e-03   -5.10765000e-04
    1.00000  10.44459   -3.82635000e-03   -3.12357000e-04
    1.00000  10.71240   -2.56849000e-03   -1.91132000e-04
    1.00000  10.98021   -1.72412000e-03   -1.17028000e-04
    1.00000  11.24802   -1.15732000e-03   -7.17049000e-05
    1.00000  11.51583   -7.76853000e-04   -4.39679000e-05
    1.00000  11.78364   -5.21462000e-04   -2.69822000e-05
    1.00000  12.05145   -3.50031000e-04   -1.65732000e-05
    1.00000  12.31926   -2.34958000e-04   -1.01895000e-05
    1.00000  12.58707   -1.57715000e-04   -6.27117000e-06
    1.00000  12.85488   -1.05866000e-04   -3.86394000e-06
    1.00000  13.12269   -7.10619000e-05   -2.38360000e-06
    1.00000  13.39050   -4.77001000e-05   -1.47230000e-06
    1.00000  13.65831   -3.20185000e-05   -9.10665000e-07
    1.00000  13.92612   -2.14923000e-05   -5.64103000e-07
    1.00000  14.19393   -1.44267000e-05   -3.49974000e-07
    1.00000  14.46174   -9.68384000e-06   -2.17487000e-07
    1.00000  14.72955   -6.50025000e-06   -1.35391000e-07
    1.00000  14.99736   -4.36327000e-06   -8.44399000e-08
    1.00000  15.26517   -2.92883000e-06   -5.27647000e-08
    1.00000  15.53298   -1.96597000e-06   -3.30382000e-08
    1.00000  15.80079   -1.31965000e-06   -2.07301000e-08
    1.00000  16.06860   -8.85809000e-07   -1.30357000e-08
    1.00000  16.33641   -5.94596000e-07   -8.21562000e-09
    1.00000  16.60422   -3.99121000e-07   -5.18979000e-09
    1.00000  16.87203   -2.67908000e-07   -3.28612000e-09
    1.00000  17.13984   -1.79833000e-07   -2.08574000e-09
    1.00000  17.40765   -1.20712000e-07   -1.32707000e-09
    1.00000  17.67546   -8.10275000e-08   -8.46430000e-10
    1.00000  17.94327   -5.43894000e-08   -5.41199000e-10
    1.00000  18.21108   -3.65087000e-08   -3.46887000e-10
    1.00000  18.47889   -2.45063000e-08   -2.22883000e-10
    1.00000  18.74670   -1.64498000e-08   -1.43553000e-10
    1.00000  19.01451   -1.10419000e-08   -9.26784000e-11
    1.00000  19.28232   -7.41182000e-09   -5.99723000e-11
    1.00000  19.55013   -4.97516000e-09   -3.88959000e-11
    1.00000  19.81794   -3.33956000e-09   -2.52819000e-11
    1.00000  20.08575   -2.24167000e-09   -1.64678000e-11
    1.00000  20.35356   -1.50471000e-09   -1.07484000e-11
    1.00000  20.62137   -1.01003000e-09   -7.02915000e-12
    1.00000  20.88918   -6.77980000e-10   -4.60541000e-12
    1.00000  21.15699   -4.55092000e-10   -3.02274000e-12
    1.00000   0.00000    0.00000000e+00    0.00000000e+00
    1.00000   0.00000    0.00000000e+00    0.00000000e+00
    2.00000   0.26820   -5.12886000e+01   -3.27913000e-01
    2.00000   0.53640   -5.11990000e+01   -3.34275000e-01
    2.00000   0.80460   -5.10661000e+01   -3.44821000e-01
    2.00000   1.07280   -5.08692000e+01   -3.62272000e-01
    2.00000   1.34100   -5.05785000e+01   -3.91077000e-01
    2.00000   1.60920   -5.01513000e+01   -4.38466000e-01
    2.00000   1.87740   -4.95278000e+01   -5.16035000e-01
    2.00000   2.14560   -4.86266000e+01   -6.42010000e-01
    2.00000   2.41380   -4.73426000e+01   -8.44041000e-01
    2.00000   2.68200   -4.55496000e+01   -1.16156000e+00
    2.00000   2.95020   -4.31157000e+01   -1.64460000e+00
    2.00000   3.21840   -3.99348000e+01   -2.34194000e+00
    2.00000   3.48660   -3.59782000e+01   -3.26770000e+00
    2.00000   3.75480   -3.13485000e+01   -4.34193000e+00
    2.00000   4.02300   -2.63031000e+01   -5.33720000e+00
    2.00000   4.29120   -2.12138000e+01   -5.91873000e+00
    2.00000   4.55940   -1.64650000e+01   -5.83328000e+00
    2.00000   4.82760   -1.23455000e+01   -5.10767000e+00
    2.00000   5.09580   -8.99194000e+00   -4.02729000e+00
    2.00000   5.36400   -6.40035000e+00   -2.92131000e+00
    2.00000   5.63220   -4.47696000e+00   -1.99383000e+00
    2.00000   5.90040   -3.09193000e+00   -1.30517000e+00
    2.00000   6.16860   -2.11609000e+00   -8.31320000e-01
    2.00000   6.43680   -1.43907000e+00   -5.20377000e-01
    2.00000   6.70500   -9.74381000e-01   -3.22234000e-01
    2.00000   6.97320   -6.57771000e-01   -1.98222000e-01
    2.00000   7.24140   -4.43136000e-01   -1.21452000e-01
    2.00000   7.50960   -2.98127000e-01   -7.42415000e-02
    2.00000   7.77780   -2.00383000e-01   -4.53226000e-02
    2.00000   8.04600   -1.34601000e-01   -2.76494000e-02
    2.00000   8.31420   -9.03765000e-02   -1.68628000e-02
    2.00000   8.58240   -6.06650000e-02   -1.02840000e-02
    2.00000   8.85060   -4.07135000e-02   -6.27261000e-03
    2.00000   9.11880   -2.73201000e-02   -3.82688000e-03
    2.00000   9.38700   -1.83312000e-02   -2.33554000e-03
    2.00000   9.65520   -1.22991000e-02   -1.42596000e-03
    2.00000   9.92340   -8.25161000e-03   -8.71029000e-04
    2.00000  10.19160   -5.53596000e-03   -5.32336000e-04
    2.00000  10.45980   -3.71398000e-03   -3.25530000e-04
    2.00000  10.72800   -2.49162000e-03   -1.99194000e-04
    2.00000  10.99620   -1.67155000e-03   -1.21973000e-04
    2.00000  11.26440   -1.12139000e-03   -7.47454000e-05
    2.00000  11.53260   -7.52301000e-04   -4.58421000e-05
    2.00000  11.80080   -5.04691000e-04   -2.81407000e-05
    2.00000  12.06900   -3.38578000e-04   -1.72913000e-05
    2.00000  12.33720   -2.27138000e-04   -1.06360000e-05
    2.00000  12.60540   -1.52378000e-04   -6.54966000e-06
    2.00000  12.87360   -1.02225000e-04   -4.03819000e-06
    2.00000  13.14180   -6.85783000e-05   -2.49300000e-06
    2.00000  13.41000   -4.60064000e-05   -1.54121000e-06
    2.00000  13.67820   -3.08639000e-05   -9.54214000e-07
    2.00000  13.94640   -2.07053000e-05   -5.91720000e-07
    2.00000  14.21460   -1.38904000e-05   -3.67547000e-07
    2.00000  14.48280   -9.31849000e-06   -2.28706000e-07
    2.00000  14.75100   -6.25140000e-06   -1.42577000e-07
    2.00000  15.01920   -4.19381000e-06   -8.90571000e-08
    2.00000  15.28740   -2.81346000e-06   -5.57407000e-08
    2.00000  15.55560   -1.88743000e-06   -3.49619000e-08
    2.00000  15.82380   -1.26620000e-06   -2.19772000e-08
    2.00000  16.09200   -8.49445000e-07   -1.38462000e-08
    2.00000  16.36020   -5.69858000e-07   -8.74375000e-09
    2.00000  16.62840   -3.82295000e-07   -5.53472000e-09
    2.00000  16.89660   -2.56466000e-07   -3.51190000e-09
    2.00000  17.16480   -1.72053000e-07   -2.23382000e-09
    2.00000  17.43300   -1.15423000e-07   -1.42438000e-09
    2.00000  17.70120   -7.74328000e-08   -9.10482000e-10
    2.00000  17.96940   -5.19465000e-08   -5.83426000e-10
    2.00000  18.23760   -3.48488000e-08   -3.74766000e-10
    2.00000  18.50580   -2.33787000e-08   -2.41314000e-10
    2.00000  18.77400   -1.56838000e-08   -1.55751000e-10
    2.00000  19.04220   -1.05216000e-08   -1.00760000e-10
    2.00000  19.31040   -7.05853000e-09   -6.53319000e-11
    2.00000  19.57860   -4.73528000e-09   -4.24533000e-11
    2.00000  19.84680   -3.17671000e-09   -2.76449000e-11
    2.00000  20.11500   -2.13113000e-09   -1.80384000e-11
    2.00000  20.38320   -1.42969000e-09   -1.17930000e-11
    2.00000  20.65140   -9.59119000e-10   -7.72427000e-12
    2.00000  20.91960   -6.43434000e-10   -5.06818000e-12
    3.00000   0.26985   -5.09135000e+01   -3.80954000e-01
    3.00000   0.53970   -5.08237000e+01   -3.87645000e-01
    3.00000   0.80955   -5.06901000e+01   -3.98782000e-01
    3.00000   1.07940   -5.04918000e+01   -4.17282000e-01
    3.00000   1.34925   -5.01983000e+01   -4.47937000e-01
    3.00000   1.61910   -4.97660000e+01   -4.98555000e-01
    3.00000   1.88895   -4.91338000e+01   -5.81699000e-01
    3.00000   2.15880   -4.82185000e+01   -7.17152000e-01
    3.00000   2.42865   -4.69125000e+01   -9.34959000e-01
    3.00000   2.69850   -4.50878000e+01   -1.27790000e+00
    3.00000   2.96835   -4.26110000e+01   -1.79980000e+00
    3.00000   3.23820   -3.93787000e+01   -2.55171000e+00
    3.00000   3.50805   -3.53695000e+01   -3.54385000e+00
    3.00000   3.77790   -3.06990000e+01   -4.67996000e+00
    3.00000   4.04775   -2.56398000e+01   -5.70367000e+00
    3.00000   4.31760   -2.05734000e+01   -6.25511000e+00
    3.00000   4.58745   -1.58834000e+01   -6.08565000e+00
    3.00000   4.85730   -1.18476000e+01   -5.25828000e+00
    3.00000   5.12715   -8.58721000e+00   -4.09538000e+00
    3.00000   5.39700   -6.08494000e+00   -2.93965000e+00
    3.00000   5.66685   -4.23910000e+00   -1.98922000e+00
    3.00000   5.93670   -2.91691000e+00   -1.29322000e+00
    3.00000   6.20655   -1.98960000e+00   -8.19118000e-01
    3.00000   6.47640   -1.34884000e+00   -5.10361000e-01
    3.00000   6.74625   -9.10608000e-01   -3.14770000e-01
    3.00000   7.01610   -6.13003000e-01   -1.92943000e-01
    3.00000   7.28595   -4.11863000e-01   -1.17832000e-01
    3.00000   7.55580   -2.76360000e-01   -7.18085000e-02
    3.00000   7.82565   -1.85275000e-01   -4.37096000e-02
    3.00000   8.09550   -1.24137000e-01   -2.65904000e-02
    3.00000   8.36535   -8.31408000e-02   -1.61728000e-02
    3.00000   8.63520   -5.56688000e-02   -9.83695000e-03
    3.00000   8.90505   -3.72676000e-02   -5.98442000e-03
    3.00000   9.17490   -2.49459000e-02   -3.64182000e-03
    3.00000   9.44475   -1.66968000e-02   -2.21712000e-03
    3.00000   9.71460   -1.11749000e-02   -1.35041000e-03
    3.00000   9.98445   -7.47892000e-03   -8.22954000e-04
    3.00000  10.25430   -5.00522000e-03   -5.01818000e-04
    3.00000  10.52415   -3.34966000e-03   -3.06199000e-04
    3.00000  10.79400   -2.24168000e-03   -1.86972000e-04
    3.00000  11.06385   -1.50018000e-03   -1.14259000e-04
    3.00000  11.33370   -1.00395000e-03   -6.98843000e-05
    3.00000  11.60355   -6.71857000e-04   -4.27832000e-05
    3.00000  11.87340   -4.49617000e-04   -2.62183000e-05
    3.00000  12.14325   -3.00890000e-04   -1.60846000e-05
    3.00000  12.41310   -2.01359000e-04   -9.87923000e-06
    3.00000  12.68295   -1.34752000e-04   -6.07553000e-06
    3.00000  12.95280   -9.01777000e-05   -3.74137000e-06
    3.00000  13.22265   -6.03480000e-05   -2.30730000e-06
    3.00000  13.49250   -4.03856000e-05   -1.42510000e-06
    3.00000  13.76235   -2.70265000e-05   -8.81646000e-07
    3.00000  14.03220   -1.80865000e-05   -5.46380000e-07
    3.00000  14.30205   -1.21037000e-05   -3.39224000e-07
    3.00000  14.57190   -8.09992000e-06   -2.11014000e-07
    3.00000  14.84175   -5.42056000e-06   -1.31525000e-07
    3.00000  15.11160   -3.62750000e-06   -8.21515000e-08
    3.00000  15.38145   -2.42757000e-06   -5.14241000e-08
    3.00000  15.65130   -1.62456000e-06   -3.22622000e-08
    3.00000  15.92115   -1.08717000e-06   -2.02875000e-08
    3.00000  16.19100   -7.27547000e-07   -1.27877000e-08
    3.00000  16.46085   -4.86883000e-07   -8.07998000e-09
    3.00000  16.73070   -3.25828000e-07   -5.11792000e-09
    3.00000  17.00055   -2.18048000e-07   -3.24979000e-09
    3.00000  17.27040   -1.45920000e-07   -2.06871000e-09
    3.00000  17.54025   -9.76514000e-08   -1.32017000e-09
    3.00000  17.81010   -6.53495000e-08   -8.44569000e-10
    3.00000  18.07995   -4.37326000e-08   -5.41639000e-10
    3.00000  18.34980   -2.92664000e-08   -3.48206000e-10
    3.00000  18.61965   -1.95854000e-08   -2.24385000e-10
    3.00000  18.88950   -1.31068000e-08   -1.44930000e-10
    3.00000  19.15935   -8.77120000e-09   -9.38210000e-11
    3.00000  19.42920   -5.86979000e-09   -6.08679000e-11
    3.00000  19.69905   -3.92813000e-09   -3.95719000e-11
    3.00000  19.96890   -2.62875000e-09   -2.57785000e-11
    3.00000  20.23875   -1.75919000e-09   -1.68253000e-11
    3.00000  20.50860   -1.17727000e-09   -1.10017000e-11
    3.00000  20.77845   -7.87843000e-10   -7.20629000e-12
    3.00000   0.00000    0.00000000e+00    0.00000000e+00
    4.00000   0.26853   -5.05413000e+01   -4.37469000e-01
    4.00000   0.53706   -5.04529000e+01   -4.44289000e-01
    4.00000   0.80559   -5.03216000e+01   -4.55624000e-01
    4.00000   1.07412   -5.01270000e+01   -4.74428000e-01
    4.00000   1.34265   -4.98395000e+01   -5.05539000e-01
    4.00000   1.61118   -4.94170000e+01   -5.56832000e-01
    4.00000   1.87971   -4.87999000e+01   -6.40959000e-01
    4.00000   2.14824   -4.79077000e+01   -7.77827000e-01
    4.00000   2.41677   -4.66361000e+01   -9.97675000e-01
    4.00000   2.68530   -4.48603000e+01   -1.34365000e+00
    4.00000   2.95383   -4.24496000e+01   -1.87042000e+00
    4.00000   3.22236   -3.93001000e+01   -2.63107000e+00
    4.00000   3.49089   -3.53847000e+01   -3.64003000e+00
    4.00000   3.75942   -3.08073000e+01   -4.80766000e+00
    4.00000   4.02795   -2.58250000e+01   -5.88246000e+00
    4.00000   4.29648   -2.08066000e+01   -6.49772000e+00
    4.00000   4.56501   -1.61316000e+01   -6.38103000e+00
    4.00000   4.83354   -1.20827000e+01   -5.56935000e+00
    4.00000   5.10207   -8.79178000e+00   -4.37928000e+00
    4.00000   5.37060   -6.25215000e+00   -3.16965000e+00
    4.00000   5.63913   -4.36968000e+00   -2.15968000e+00
    4.00000   5.90766   -3.01558000e+00   -1.41197000e+00
    4.00000   6.17619   -2.06242000e+00   -8.98515000e-01
    4.00000   6.44472   -1.40168000e+00   -5.62062000e-01
    4.00000   6.71325   -9.48496000e-01   -3.47877000e-01
    4.00000   6.98178   -6.39933000e-01   -2.13922000e-01
    4.00000   7.25031   -4.30882000e-01   -1.31040000e-01
    4.00000   7.51884   -2.89728000e-01   -8.00899000e-02
    4.00000   7.78737   -1.94636000e-01   -4.88893000e-02
    4.00000   8.05590   -1.30673000e-01   -2.98252000e-02
    4.00000   8.32443   -8.76941000e-02   -1.81912000e-02
    4.00000   8.59296   -5.88346000e-02   -1.10957000e-02
    4.00000   8.86149   -3.94651000e-02   -6.76927000e-03
    4.00000   9.13002   -2.64691000e-02   -4.13118000e-03
    4.00000   9.39855   -1.77513000e-02   -2.52227000e-03
    4.00000   9.66708   -1.19040000e-02   -1.54074000e-03
    4.00000   9.93561   -7.98256000e-03   -9.41707000e-04
    4.00000  10.20414   -5.35278000e-03   -5.75943000e-04
    4.00000  10.47267   -3.58929000e-03   -3.52491000e-04
    4.00000  10.74120   -2.40677000e-03   -2.15900000e-04
    4.00000  11.00973   -1.61382000e-03   -1.32349000e-04
    4.00000  11.27826   -1.08212000e-03   -8.12047000e-05
    4.00000  11.54679   -7.25592000e-04   -4.98737000e-05
    4.00000  11.81532   -4.86530000e-04   -3.06636000e-05
    4.00000  12.08385   -3.26231000e-04   -1.88743000e-05
    4.00000  12.35238   -2.18746000e-04   -1.16320000e-05
    4.00000  12.62091   -1.46675000e-04   -7.17813000e-06
    4.00000  12.88944   -9.83494000e-05   -4.43588000e-06
    4.00000  13.15797   -6.59457000e-05   -2.74537000e-06
    4.00000  13.42650   -4.42182000e-05   -1.70182000e-06
    4.00000  13.69503   -2.96494000e-05   -1.05673000e-06
    4.00000  13.96356   -1.98807000e-05   -6.57336000e-07
    4.00000  14.23209   -1.33305000e-05   -4.09663000e-07
    4.00000  14.50062   -8.93842000e-06   -2.55812000e-07
    4.00000  14.76915   -5.99343000e-06   -1.60069000e-07
    4.00000  15.03768   -4.01874000e-06   -1.00374000e-07
    4.00000  15.30621   -2.69467000e-06   -6.30806000e-08
    4.00000  15.57474   -1.80684000e-06   -3.97337000e-08
    4.00000  15.84327   -1.21153000e-06   -2.50864000e-08
    4.00000  16.11180   -8.12361000e-07   -1.58764000e-08
    4.00000  16.38033   -5.44708000e-07   -1.00721000e-08
    4.00000  16.64886   -3.65240000e-07   -6.40550000e-09
    4.00000  16.91739   -2.44903000e-07   -4.08374000e-09
    4.00000  17.18592   -1.64213000e-07   -2.60998000e-09
    4.00000  17.45445   -1.10109000e-07   -1.67219000e-09
    4.00000  17.72298   -7.38308000e-08   -1.07397000e-09
    4.00000  17.99151   -4.95054000e-08   -6.91431000e-10
    4.00000  18.26004   -3.31946000e-08   -4.46203000e-10
    4.00000  18.52857   -2.22578000e-08   -2.88616000e-10
    4.00000  18.79710   -1.49244000e-08   -1.87105000e-10
    4.00000  19.06563   -1.00072000e-08   -1.21562000e-10
    4.00000  19.33416   -6.71005000e-09   -7.91451000e-11
    4.00000  19.60269   -4.49925000e-09   -5.16329000e-11
    4.00000  19.87122   -3.01686000e-09   -3.37495000e-11
    4.00000  20.13975   -2.02288000e-09   -2.21007000e-11
    4.00000  20.40828   -1.35639000e-09   -1.44979000e-11
    4.00000  20.67681   -9.09493000e-10   -9.52621000e-12
    4.00000   0.00000    0.00000000e+00    0.00000000e+00
    5.00000   0.26750   -5.01712000e+01   -4.97428000e-01
    5.00000   0.53500   -5.00840000e+01   -5.04324000e-01
    5.00000   0.80250   -4.99546000e+01   -5.15778000e-01
    5.00000   1.07000   -4.97632000e+01   -5.34764000e-01
    5.00000   1.33750   -4.94809000e+01   -5.66148000e-01
    5.00000   1.60500   -4.90664000e+01   -6.17842000e-01
    5.00000   1.87250   -4.84619000e+01   -7.02547000e-01
    5.00000   2.14000   -4.75889000e+01   -8.40236000e-01
    5.00000   2.40750   -4.63457000e+01   -1.06126000e+00
    5.00000   2.67500   -4.46103000e+01   -1.40898000e+00
    5.00000   2.94250   -4.22544000e+01   -1.93868000e+00
    5.00000   3.21000   -3.91737000e+01   -2.70493000e+00
    5.00000   3.47750   -3.53373000e+01   -3.72545000e+00
    5.00000   3.74500   -3.08400000e+01   -4.91594000e+00
    5.00000   4.01250   -2.59266000e+01   -6.02931000e+00
    5.00000   4.28000   -2.09552000e+01   -6.69451000e+00
    5.00000   4.54750   -1.63008000e+01   -6.62096000e+00
    5.00000   4.81500   -1.22495000e+01   -5.82411000e+00
    5.00000   5.08250   -8.94064000e+00   -4.61418000e+00
    5.00000   5.35000   -6.37602000e+00   -3.36181000e+00
    5.00000   5.61750   -4.46769000e+00   -2.30328000e+00
    5.00000   5.88500   -3.09038000e+00   -1.51270000e+00
    5.00000   6.15250   -2.11807000e+00   -9.66248000e-01
    5.00000   6.42000   -1.44234000e+00   -6.06380000e-01
    5.00000   6.68750   -9.77813000e-01   -3.76377000e-01
    5.00000   6.95500   -6.60874000e-01   -2.32052000e-01
    5.00000   7.22250   -4.45738000e-01   -1.42495000e-01
    5.00000   7.49000   -3.00212000e-01   -8.72980000e-02
    5.00000   7.75750   -2.02006000e-01   -5.34133000e-02
    5.00000   8.02500   -1.35838000e-01   -3.26603000e-02
    5.00000   8.29250   -9.13038000e-02   -1.99663000e-02
    5.00000   8.56000   -6.13524000e-02   -1.22067000e-02
    5.00000   8.82750   -4.12183000e-02   -7.46447000e-03
    5.00000   9.09500   -2.76879000e-02   -4.56623000e-03
    5.00000   9.36250   -1.85974000e-02   -2.79458000e-03
    5.00000   9.63000   -1.24908000e-02   -1.71124000e-03
    5.00000   9.89750   -8.38898000e-03   -1.04850000e-03
    5.00000  10.16500   -5.63401000e-03   -6.42875000e-04
    5.00000  10.43250   -3.78370000e-03   -3.94466000e-04
    5.00000  10.70000   -2.54104000e-03   -2.42241000e-04
    5.00000  10.96750   -1.70649000e-03   -1.48893000e-04
    5.00000  11.23500   -1.14602000e-03   -9.16048000e-05
    5.00000  11.50250   -7.69626000e-04   -5.64178000e-05
    5.00000  11.77000   -5.16852000e-04   -3.47858000e-05
    5.00000  12.03750   -3.47097000e-04   -2.14740000e-05
    5.00000  12.30500   -2.33097000e-04   -1.32735000e-05
    5.00000  12.57250   -1.56538000e-04   -8.21597000e-06
    5.00000  12.84000   -1.05125000e-04   -5.09300000e-06
    5.00000  13.10750   -7.05976000e-05   -3.16206000e-06
    5.00000  13.37500   -4.74105000e-05   -1.96647000e-06
    5.00000  13.64250   -3.18389000e-05   -1.22509000e-06
    5.00000  13.91000   -2.13817000e-05   -7.64629000e-07
    5.00000  14.17750   -1.43591000e-05   -4.78161000e-07
    5.00000  14.44500   -9.64297000e-06   -2.99624000e-07
    5.00000  14.71250   -6.47582000e-06   -1.88145000e-07
    5.00000  14.98000   -4.34890000e-06   -1.18401000e-07
    5.00000  15.24750   -2.92054000e-06   -7.46784000e-08
    5.00000  15.51500   -1.96131000e-06   -4.72103000e-08
    5.00000  15.78250   -1.31714000e-06   -2.99159000e-08
    5.00000  16.05000   -8.84536000e-07   -1.90025000e-08
    5.00000  16.31750   -5.94018000e-07   -1.20996000e-08
    5.00000  16.58500   -3.98918000e-07   -7.72321000e-09
    5.00000  16.85250   -2.67897000e-07   -4.94184000e-09
    5.00000  17.12000   -1.79909000e-07   -3.16987000e-09
    5.00000  17.38750   -1.20819000e-07   -2.03822000e-09
    5.00000  17.65500   -8.11372000e-08   -1.31372000e-09
    5.00000  17.92250   -5.44884000e-08   -8.48744000e-10
    5.00000  18.19000   -3.65922000e-08   -5.49611000e-10
    5.00000  18.45750   -2.45738000e-08   -3.56706000e-10
    5.00000  18.72500   -1.65027000e-08   -2.32014000e-10
    5.00000  18.99250   -1.10826000e-08   -1.51228000e-10
    5.00000  19.26000   -7.44259000e-09   -9.87706000e-11
    5.00000  19.52750   -4.99814000e-09   -6.46348000e-11
    5.00000  19.79500   -3.35655000e-09   -4.23749000e-11
    5.00000  20.06250   -2.25412000e-09   -2.78300000e-11
    5.00000  20.33000   -1.51377000e-09   -1.83080000e-11
    5.00000  20.59750   -1.01659000e-09   -1.20629000e-11
    5.00000   0.00000    0.00000000e+00    0.00000000e+00
    6.00000   0.27015   -4.98022000e+01   -5.60801000e-01
    6.00000   0.54030   -4.97142000e+01   -5.67888000e-01
    6.00000   0.81045   -4.95832000e+01   -5.79735000e-01
    6.00000   1.08060   -4.93887000e+01   -5.99493000e-01
    6.00000   1.35075   -4.91008000e+01   -6.32351000e-01
    6.00000   1.62090   -4.86765000e+01   -6.86784000e-01
    6.00000   1.89105   -4.80557000e+01   -7.76458000e-01
    6.00000   2.16120   -4.71566000e+01   -9.22942000e-01
    6.00000   2.43135   -4.58736000e+01   -1.15905000e+00
    6.00000   2.70150   -4.40806000e+01   -1.53154000e+00
    6.00000   2.97165   -4.16471000e+01   -2.09926000e+00
    6.00000   3.24180   -3.84721000e+01   -2.91777000e+00
    6.00000   3.51195   -3.45359000e+01   -3.99722000e+00
    6.00000   3.78210   -2.99544000e+01   -5.23003000e+00
    6.00000   4.05225   -2.49969000e+01   -6.33272000e+00
    6.00000   4.32240   -2.00389000e+01   -6.91083000e+00
    6.00000   4.59255   -1.54560000e+01   -6.69692000e+00
    6.00000   4.86270   -1.15180000e+01   -5.76766000e+00
    6.00000   5.13285   -8.34096000e+00   -4.48056000e+00
    6.00000   5.40300   -5.90569000e+00   -3.20992000e+00
    6.00000   5.67315   -4.11123000e+00   -2.16913000e+00
    6.00000   5.94330   -2.82705000e+00   -1.40889000e+00
    6.00000   6.21345   -1.92715000e+00   -8.91879000e-01
    6.00000   6.48360   -1.30577000e+00   -5.55527000e-01
    6.00000   6.75375   -8.81066000e-01   -3.42591000e-01
    6.00000   7.02390   -5.92818000e-01   -2.10007000e-01
    6.00000   7.29405   -3.98107000e-01   -1.28279000e-01
    6.00000   7.56420   -2.67004000e-01   -7.81987000e-02
    6.00000   7.83435   -1.78919000e-01   -4.76195000e-02
    6.00000   8.10450   -1.19824000e-01   -2.89846000e-02
    6.00000   8.37465   -8.02154000e-02   -1.76405000e-02
    6.00000   8.64480   -5.36857000e-02   -1.07380000e-02
    6.00000   8.91495   -3.59239000e-02   -6.53853000e-03
    6.00000   9.18510   -2.40358000e-02   -3.98320000e-03
    6.00000   9.45525   -1.60804000e-02   -2.42786000e-03
    6.00000   9.72540   -1.07576000e-02   -1.48078000e-03
    6.00000   9.99555   -7.19640000e-03   -9.03787000e-04
    6.00000  10.26570   -4.81401000e-03   -5.52055000e-04
    6.00000  10.53585   -3.22026000e-03   -3.37499000e-04
    6.00000  10.80600   -2.15412000e-03   -2.06523000e-04
    6.00000  11.07615   -1.44094000e-03   -1.26504000e-04
    6.00000  11.34630   -9.63878000e-04   -7.75744000e-05
    6.00000  11.61645   -6.44756000e-04   -4.76260000e-05
    6.00000  11.88660   -4.31288000e-04   -2.92767000e-05
    6.00000  12.15675   -2.88496000e-04   -1.80214000e-05
    6.00000  12.42690   -1.92979000e-04   -1.11094000e-05
    6.00000  12.69705   -1.29087000e-04   -6.85900000e-06
    6.00000  12.96720   -8.63480000e-05   -4.24177000e-06
    6.00000  13.23735   -5.77594000e-05   -2.62778000e-06
    6.00000  13.50750   -3.86361000e-05   -1.63091000e-06
    6.00000  13.77765   -2.58443000e-05   -1.01416000e-06
    6.00000  14.04780   -1.72876000e-05   -6.31921000e-07
    6.00000  14.31795   -1.15639000e-05   -3.94579000e-07
    6.00000  14.58810   -7.73527000e-06   -2.46919000e-07
    6.00000  14.85825   -5.17423000e-06   -1.54867000e-07
    6.00000  15.12840   -3.46112000e-06   -9.73580000e-08
    6.00000  15.39855   -2.31519000e-06   -6.13509000e-08
    6.00000  15.66870   -1.54866000e-06   -3.87548000e-08
    6.00000  15.93885   -1.03592000e-06   -2.45415000e-08
    6.00000  16.20900   -6.92944000e-07   -1.55797000e-08
    6.00000  16.47915   -4.63520000e-07   -9.91521000e-09
    6.00000  16.74930   -3.10055000e-07   -6.32602000e-09
    6.00000  17.01945   -2.07400000e-07   -4.04612000e-09
    6.00000  17.28960   -1.38733000e-07   -2.59427000e-09
    6.00000  17.55975   -9.28006000e-08   -1.66742000e-09
    6.00000  17.82990   -6.20756000e-08   -1.07425000e-09
    6.00000  18.10005   -4.15233000e-08   -6.93700000e-10
    6.00000  18.37020   -2.77755000e-08   -4.48967000e-10
    6.00000  18.64035   -1.85794000e-08   -2.91206000e-10
    6.00000  18.91050   -1.24280000e-08   -1.89276000e-10
    6.00000  19.18065   -8.31330000e-09   -1.23271000e-10
    6.00000  19.45080   -5.56088000e-09   -8.04373000e-11
    6.00000  19.72095   -3.71975000e-09   -5.25828000e-11
    6.00000  19.99110   -2.48820000e-09   -3.44333000e-11
    6.00000  20.26125   -1.66439000e-09   -2.25850000e-11
    6.00000  20.53140   -1.11333000e-09   -1.48363000e-11
    6.00000   0.00000    0.00000000e+00    0.00000000e+00
    6.00000   0.00000    0.00000000e+00    0.00000000e+00
    7.00000   0.26941   -4.94362000e+01   -6.27345000e-01
    7.00000   0.53882   -4.93493000e+01   -6.34415000e-01
    7.00000   0.80823   -4.92200000e+01   -6.46235000e-01
    7.00000   1.07764   -4.90281000e+01   -6.65948000e-01
    7.00000   1.34705   -4.87445000e+01   -6.98727000e-01
    7.00000   1.61646   -4.83269000e+01   -7.53016000e-01
    7.00000   1.88587   -4.77166000e+01   -8.42429000e-01
    7.00000   2.15528   -4.68332000e+01   -9.88449000e-01
    7.00000   2.42469   -4.55734000e+01   -1.22377000e+00
    7.00000   2.69410   -4.38135000e+01   -1.59508000e+00
    7.00000   2.96351   -4.14246000e+01   -2.16135000e+00
    7.00000   3.23292   -3.83057000e+01   -2.97907000e+00
    7.00000   3.50233   -3.44341000e+01   -4.06093000e+00
    7.00000   3.77174   -2.99186000e+01   -5.30404000e+00
    7.00000   4.04115   -2.50192000e+01   -6.42936000e+00
    7.00000   4.31056   -2.01032000e+01   -7.04015000e+00
    7.00000   4.57997   -1.55427000e+01   -6.85571000e+00
    7.00000   4.84938   -1.16097000e+01   -5.93680000e+00
    7.00000   5.11879   -8.42585000e+00   -4.63632000e+00
    7.00000   5.38820   -5.97779000e+00   -3.33692000e+00
    7.00000   5.65761   -4.16900000e+00   -2.26372000e+00
    7.00000   5.92702   -2.87150000e+00   -1.47506000e+00
    7.00000   6.19643   -1.96040000e+00   -9.36292000e-01
    7.00000   6.46584   -1.33016000e+00   -5.84557000e-01
    7.00000   6.73525   -8.98706000e-01   -3.61253000e-01
    7.00000   7.00466   -6.05447000e-01   -2.21881000e-01
    7.00000   7.27407   -4.07082000e-01   -1.35784000e-01
    7.00000   7.54348   -2.73346000e-01   -8.29253000e-02
    7.00000   7.81289   -1.83381000e-01   -5.05891000e-02
    7.00000   8.08230   -1.22952000e-01   -3.08478000e-02
    7.00000   8.35171   -8.24033000e-02   -1.88088000e-02
    7.00000   8.62112   -5.52121000e-02   -1.14704000e-02
    7.00000   8.89053   -3.69867000e-02   -6.99761000e-03
    7.00000   9.15994   -2.47745000e-02   -4.27105000e-03
    7.00000   9.42935   -1.65931000e-02   -2.60842000e-03
    7.00000   9.69876   -1.11129000e-02   -1.59410000e-03
    7.00000   9.96817   -7.44237000e-03   -9.74958000e-04
    7.00000  10.23758   -4.98407000e-03   -5.96787000e-04
    7.00000  10.50699   -3.33772000e-03   -3.65638000e-04
    7.00000  10.77640   -2.23517000e-03   -2.24241000e-04
    7.00000  11.04581   -1.49682000e-03   -1.37673000e-04
    7.00000  11.31522   -1.00236000e-03   -8.46223000e-05
    7.00000  11.58463   -6.71243000e-04   -5.20792000e-05
    7.00000  11.85404   -4.49504000e-04   -3.20941000e-05
    7.00000  12.12345   -3.01014000e-04   -1.98065000e-05
    7.00000  12.39286   -2.01576000e-04   -1.22420000e-05
    7.00000  12.66227   -1.34987000e-04   -7.57886000e-06
    7.00000  12.93168   -9.03947000e-05   -4.70001000e-06
    7.00000  13.20109   -6.05334000e-05   -2.91999000e-06
    7.00000  13.47050   -4.05366000e-05   -1.81756000e-06
    7.00000  13.73991   -2.71455000e-05   -1.13361000e-06
    7.00000  14.00932   -1.81782000e-05   -7.08509000e-07
    7.00000  14.27873   -1.21731000e-05   -4.43776000e-07
    7.00000  14.54814   -8.15180000e-06   -2.78583000e-07
    7.00000  14.81755   -5.45890000e-06   -1.75285000e-07
    7.00000  15.08696   -3.65559000e-06   -1.10551000e-07
    7.00000  15.35637   -2.44798000e-06   -6.98917000e-08
    7.00000  15.62578   -1.63931000e-06   -4.42947000e-08
    7.00000  15.89519   -1.09777000e-06   -2.81418000e-08
    7.00000  16.16460   -7.35129000e-07   -1.79238000e-08
    7.00000  16.43401   -4.92283000e-07   -1.14443000e-08
    7.00000  16.70342   -3.29660000e-07   -7.32529000e-09
    7.00000  16.97283   -2.20759000e-07   -4.70029000e-09
    7.00000  17.24224   -1.47833000e-07   -3.02325000e-09
    7.00000  17.51165   -9.89969000e-08   -1.94919000e-09
    7.00000  17.78106   -6.62938000e-08   -1.25962000e-09
    7.00000  18.05047   -4.43941000e-08   -8.15838000e-10
    7.00000  18.31988   -2.97287000e-08   -5.29557000e-10
    7.00000  18.58929   -1.99080000e-08   -3.44455000e-10
    7.00000  18.85870   -1.33315000e-08   -2.24505000e-10
    7.00000  19.12811   -8.92753000e-09   -1.46607000e-10
    7.00000  19.39752   -5.97837000e-09   -9.59135000e-11
    7.00000  19.66693   -4.00345000e-09   -6.28575000e-11
    7.00000  19.93634   -2.68093000e-09   -4.12617000e-11
    7.00000  20.20575   -1.79530000e-09   -2.71273000e-11
    7.00000  20.47516   -1.20224000e-09   -1.78607000e-11
    7.00000   0.00000    0.00000000e+00    0.00000000e+00
    7.00000   0.00000    0.00000000e+00    0.00000000e+00
    8.00000   0.26875   -4.90723000e+01   -6.97030000e-01
    8.00000   0.53750   -4.89863000e+01   -7.04043000e-01
    8.00000   0.80625   -4.88586000e+01   -7.15773000e-01
    8.00000   1.07500   -4.86693000e+01   -7.35341000e-01
    8.00000   1.34375   -4.83896000e+01   -7.67885000e-01
    8.00000   1.61250   -4.79783000e+01   -8.21786000e-01
    8.00000   1.88125   -4.73774000e+01   -9.10560000e-01
    8.00000   2.15000   -4.65085000e+01   -1.05553000e+00
    8.00000   2.41875   -4.52699000e+01   -1.28917000e+00
    8.00000   2.68750   -4.35401000e+01   -1.65792000e+00
    8.00000   2.95625   -4.11918000e+01   -2.22066000e+00
    8.00000   3.22500   -3.81244000e+01   -3.03447000e+00
    8.00000   3.49375   -3.43124000e+01   -4.11420000e+00
    8.00000   3.76250   -2.98585000e+01   -5.36136000e+00
    8.00000   4.03125   -2.50145000e+01   -6.50185000e+00
    8.00000   4.30000   -2.01401000e+01   -7.13847000e+00
    8.00000   4.56875   -1.56039000e+01   -6.98008000e+00
    8.00000   4.83750   -1.16795000e+01   -6.07306000e+00
    8.00000   5.10625   -8.49287000e+00   -4.76462000e+00
    8.00000   5.37500   -6.03602000e+00   -3.44331000e+00
    8.00000   5.64375   -4.21636000e+00   -2.34395000e+00
    8.00000   5.91250   -2.90835000e+00   -1.53173000e+00
    8.00000   6.18125   -1.98820000e+00   -9.74622000e-01
    8.00000   6.45000   -1.35068000e+00   -6.09772000e-01
    8.00000   6.71875   -9.13633000e-01   -3.77553000e-01
    8.00000   6.98750   -6.16184000e-01   -2.32303000e-01
    8.00000   7.25625   -4.14743000e-01   -1.42405000e-01
    8.00000   7.52500   -2.78780000e-01   -8.71132000e-02
    8.00000   7.79375   -1.87217000e-01   -5.32319000e-02
    8.00000   8.06250   -1.25651000e-01   -3.25133000e-02
    8.00000   8.33125   -8.42955000e-02   -1.98576000e-02
    8.00000   8.60000   -5.65358000e-02   -1.21307000e-02
    8.00000   8.86875   -3.79107000e-02   -7.41337000e-03
    8.00000   9.13750   -2.54183000e-02   -4.53290000e-03
    8.00000   9.40625   -1.70409000e-02   -2.77341000e-03
    8.00000   9.67500   -1.14240000e-02   -1.69812000e-03
    8.00000   9.94375   -7.65816000e-03   -1.04058000e-03
    8.00000  10.21250   -5.13358000e-03   -6.38226000e-04
    8.00000  10.48125   -3.44120000e-03   -3.91828000e-04
    8.00000  10.75000   -2.30671000e-03   -2.40811000e-04
    8.00000  11.01875   -1.54623000e-03   -1.48168000e-04
    8.00000  11.28750   -1.03646000e-03   -9.12779000e-05
    8.00000  11.55625   -6.94751000e-04   -5.63054000e-05
    8.00000  11.82500   -4.65699000e-04   -3.47814000e-05
    8.00000  12.09375   -3.12162000e-04   -2.15178000e-05
    8.00000  12.36250   -2.09245000e-04   -1.33334000e-05
    8.00000  12.63125   -1.40259000e-04   -8.27602000e-06
    8.00000  12.90000   -9.40166000e-05   -5.14610000e-06
    8.00000  13.16875   -6.30200000e-05   -3.20591000e-06
    8.00000  13.43750   -4.22428000e-05   -2.00116000e-06
    8.00000  13.70625   -2.83157000e-05   -1.25171000e-06
    8.00000  13.97500   -1.89802000e-05   -7.84615000e-07
    8.00000  14.24375   -1.27226000e-05   -4.92913000e-07
    8.00000  14.51250   -8.52803000e-06   -3.10367000e-07
    8.00000  14.78125   -5.71640000e-06   -1.95883000e-07
    8.00000  15.05000   -3.83175000e-06   -1.23924000e-07
    8.00000  15.31875   -2.56845000e-06   -7.85907000e-08
    8.00000  15.58750   -1.72165000e-06   -4.99635000e-08
    8.00000  15.85625   -1.15403000e-06   -3.18425000e-08
    8.00000  16.12500   -7.73558000e-07   -2.03441000e-08
    8.00000  16.39375   -5.18521000e-07   -1.30299000e-08
    8.00000  16.66250   -3.47569000e-07   -8.36574000e-09
    8.00000  16.93125   -2.32978000e-07   -5.38415000e-09
    8.00000  17.20000   -1.56167000e-07   -3.47343000e-09
    8.00000  17.46875   -1.04680000e-07   -2.24598000e-09
    8.00000  17.73750   -7.01676000e-08   -1.45557000e-09
    8.00000  18.00625   -4.70338000e-08   -9.45383000e-10
    8.00000  18.27500   -3.15271000e-08   -6.15313000e-10
    8.00000  18.54375   -2.11329000e-08   -4.01293000e-10
    8.00000  18.81250   -1.41655000e-08   -2.62221000e-10
    8.00000  19.08125   -9.49524000e-09   -1.71661000e-10
    8.00000  19.35000   -6.36473000e-09   -1.12573000e-10
    8.00000  19.61875   -4.26633000e-09   -7.39463000e-11
    8.00000  19.88750   -2.85975000e-09   -4.86490000e-11
    8.00000  20.15625   -1.91691000e-09   -3.20529000e-11
    8.00000  20.42500   -1.28492000e-09   -2.11474000e-11
    8.00000   0.00000    0.00000000e+00    0.00000000e+00
    8.00000   0.00000    0.00000000e+00    0.00000000e+00
    9.00000   0.26817   -4.87105000e+01   -7.69724000e-01
    9.00000   0.53634   -4.86254000e+01   -7.76644000e-01
    9.00000   0.80451   -4.84992000e+01   -7.88228000e-01
    9.00000   1.07268   -4.83123000e+01   -8.07565000e-01
    9.00000   1.34085   -4.80363000e+01   -8.39736000e-01
    9.00000   1.60902   -4.76307000e+01   -8.93037000e-01
    9.00000   1.87719   -4.70388000e+01   -9.80837000e-01
    9.00000   2.14536   -4.61833000e+01   -1.12424000e+00
    9.00000   2.41353   -4.49643000e+01   -1.35541000e+00
    9.00000   2.68170   -4.32623000e+01   -1.72038000e+00
    9.00000   2.94987   -4.09517000e+01   -2.27776000e+00
    9.00000   3.21804   -3.79320000e+01   -3.08493000e+00
    9.00000   3.48621   -3.41757000e+01   -4.15857000e+00
    9.00000   3.75438   -2.97801000e+01   -5.40441000e+00
    9.00000   4.02255   -2.49893000e+01   -6.55366000e+00
    9.00000   4.29072   -2.01560000e+01   -7.21028000e+00
    9.00000   4.55889   -1.56455000e+01   -7.07495000e+00
    9.00000   4.82706   -1.17322000e+01   -6.18106000e+00
    9.00000   5.09523   -8.54603000e+00   -4.86923000e+00
    9.00000   5.36340   -6.08346000e+00   -3.53183000e+00
    9.00000   5.63157   -4.25563000e+00   -2.41170000e+00
    9.00000   5.89974   -2.93927000e+00   -1.58011000e+00
    9.00000   6.16791   -2.01173000e+00   -1.00763000e+00
    9.00000   6.43608   -1.36818000e+00   -6.31645000e-01
    9.00000   6.70425   -9.26434000e-01   -3.91781000e-01
    9.00000   6.97242   -6.25436000e-01   -2.41452000e-01
    9.00000   7.24059   -4.21373000e-01   -1.48246000e-01
    9.00000   7.50876   -2.83499000e-01   -9.08273000e-02
    9.00000   7.77693   -1.90561000e-01   -5.55871000e-02
    9.00000   8.04510   -1.28009000e-01   -3.40047000e-02
    9.00000   8.31327   -8.59543000e-02   -2.08013000e-02
    9.00000   8.58144   -5.76993000e-02   -1.27276000e-02
    9.00000   8.84961   -3.87249000e-02   -7.79098000e-03
    9.00000   9.11778   -2.59869000e-02   -4.77185000e-03
    9.00000   9.38595   -1.74374000e-02   -2.92468000e-03
    9.00000   9.65412   -1.17000000e-02   -1.79395000e-03
    9.00000   9.92229   -7.85001000e-03   -1.10133000e-03
    9.00000  10.19046   -5.26677000e-03   -6.76772000e-04
    9.00000  10.45863   -3.53355000e-03   -4.16309000e-04
    9.00000  10.72680   -2.37068000e-03   -2.56376000e-04
    9.00000  10.99497   -1.59049000e-03   -1.58076000e-04
    9.00000  11.26314   -1.06706000e-03   -9.75925000e-05
    9.00000  11.53131   -7.15883000e-04   -6.03353000e-05
    9.00000  11.79948   -4.80281000e-04   -3.73568000e-05
    9.00000  12.06765   -3.22217000e-04   -2.31661000e-05
    9.00000  12.33582   -2.16172000e-04   -1.43901000e-05
    9.00000  12.60399   -1.45028000e-04   -8.95444000e-06
    9.00000  12.87216   -9.72980000e-05   -5.58240000e-06
    9.00000  13.14033   -6.52763000e-05   -3.48698000e-06
    9.00000  13.40850   -4.37933000e-05   -2.18254000e-06
    9.00000  13.67667   -2.93805000e-05   -1.36897000e-06
    9.00000  13.94484   -1.97111000e-05   -8.60549000e-07
    9.00000  14.21301   -1.32240000e-05   -5.42177000e-07
    9.00000  14.48118   -8.87182000e-06   -3.42384000e-07
    9.00000  14.74935   -5.95202000e-06   -2.16729000e-07
    9.00000  15.01752   -3.99315000e-06   -1.37521000e-07
    9.00000  15.28569   -2.67896000e-06   -8.74741000e-08
    9.00000  15.55386   -1.79729000e-06   -5.57775000e-08
    9.00000  15.82203   -1.20578000e-06   -3.56541000e-08
    9.00000  16.09020   -8.08949000e-07   -2.28469000e-08
    9.00000  16.35837   -5.42716000e-07   -1.46759000e-08
    9.00000  16.62654   -3.64103000e-07   -9.44998000e-09
    9.00000  16.89471   -2.44273000e-07   -6.09936000e-09
    9.00000  17.16288   -1.63880000e-07   -3.94589000e-09
    9.00000  17.43105   -1.09946000e-07   -2.55850000e-09
    9.00000  17.69922   -7.37614000e-08   -1.66256000e-09
    9.00000  17.96739   -4.94858000e-08   -1.08264000e-09
    9.00000  18.23556   -3.31995000e-08   -7.06438000e-10
    9.00000  18.50373   -2.22732000e-08   -4.61857000e-10
    9.00000  18.77190   -1.49429000e-08   -3.02514000e-10
    9.00000  19.04007   -1.00250000e-08   -1.98494000e-10
    9.00000  19.30824   -6.72570000e-09   -1.30459000e-10
    9.00000  19.57641   -4.51220000e-09   -8.58777000e-11
    9.00000  19.84458   -3.02719000e-09   -5.66149000e-11
    9.00000  20.11275   -2.03091000e-09   -3.73751000e-11
    9.00000  20.38092   -1.36252000e-09   -2.47057000e-11
    9.00000   0.00000    0.00000000e+00    0.00000000e+00
    9.00000   0.00000    0.00000000e+00    0.00000000e+00
   10.00000   0.26764   -4.83507000e+01   -8.45314000e-01
   10.00000   0.53528   -4.82666000e+01   -8.52110000e-01
   10.00000   0.80292   -4.81418000e+01   -8.63500000e-01
   10.00000   1.07056   -4.79571000e+01   -8.82529000e-01
   10.00000   1.33820   -4.76846000e+01   -9.14209000e-01
   10.00000   1.60584   -4.72845000e+01   -9.66722000e-01
   10.00000   1.87348   -4.67009000e+01   -1.05326000e+00
   10.00000   2.14112   -4.58580000e+01   -1.19465000e+00
   10.00000   2.40876   -4.46574000e+01   -1.42265000e+00
   10.00000   2.67640   -4.29814000e+01   -1.78279000e+00
   10.00000   2.94404   -4.07061000e+01   -2.33323000e+00
   10.00000   3.21168   -3.77313000e+01   -3.13139000e+00
   10.00000   3.47932   -3.40275000e+01   -4.19554000e+00
   10.00000   3.74696   -2.96872000e+01   -5.43544000e+00
   10.00000   4.01460   -2.49478000e+01   -6.58797000e+00
   10.00000   4.28224   -2.01554000e+01   -7.25952000e+00
   10.00000   4.54988   -1.56716000e+01   -7.14461000e+00
   10.00000   4.81752   -1.17714000e+01   -6.26474000e+00
   10.00000   5.08516   -8.58813000e+00   -4.95334000e+00
   10.00000   5.35280   -6.12227000e+00   -3.60481000e+00
   10.00000   5.62044   -4.28839000e+00   -2.46855000e+00
   10.00000   5.88808   -2.96542000e+00   -1.62124000e+00
   10.00000   6.15572   -2.03184000e+00   -1.03598000e+00
   10.00000   6.42336   -1.38325000e+00   -6.50580000e-01
   10.00000   6.69100   -9.37518000e-01   -4.04184000e-01
   10.00000   6.95864   -6.33489000e-01   -2.49479000e-01
   10.00000   7.22628   -4.27168000e-01   -1.53402000e-01
   10.00000   7.49392   -2.87641000e-01   -9.41229000e-02
   10.00000   7.76156   -1.93504000e-01   -5.76882000e-02
   10.00000   8.02920   -1.30093000e-01   -3.53421000e-02
   10.00000   8.29684   -8.74238000e-02   -2.16519000e-02
   10.00000   8.56448   -5.87327000e-02   -1.32684000e-02
   10.00000   8.83212   -3.94499000e-02   -8.13482000e-03
   10.00000   9.09976   -2.64945000e-02   -4.99053000e-03
   10.00000   9.36740   -1.77921000e-02   -3.06382000e-03
   10.00000   9.63504   -1.19474000e-02   -1.88254000e-03
   10.00000   9.90268   -8.02233000e-03   -1.15778000e-03
   10.00000  10.17032   -5.38664000e-03   -7.12768000e-04
   10.00000  10.43796   -3.61682000e-03   -4.39288000e-04
   10.00000  10.70560   -2.42846000e-03   -2.71060000e-04
   10.00000  10.97324   -1.63054000e-03   -1.67470000e-04
   10.00000  11.24088   -1.09479000e-03   -1.03611000e-04
   10.00000  11.50852   -7.35065000e-04   -6.41955000e-05
   10.00000  11.77616   -4.93539000e-04   -3.98364000e-05
   10.00000  12.04380   -3.31372000e-04   -2.47612000e-05
   10.00000  12.31144   -2.22490000e-04   -1.54177000e-05
   10.00000  12.57908   -1.49384000e-04   -9.61755000e-06
   10.00000  12.84672   -1.00299000e-04   -6.01098000e-06
   10.00000  13.11436   -6.73429000e-05   -3.76443000e-06
   10.00000  13.38200   -4.52153000e-05   -2.36245000e-06
   10.00000  13.64964   -3.03584000e-05   -1.48583000e-06
   10.00000  13.91728   -2.03832000e-05   -9.36587000e-07
   10.00000  14.18492   -1.36857000e-05   -5.91734000e-07
   10.00000  14.45256   -9.18880000e-06   -3.74738000e-07
   10.00000  14.72020   -6.16953000e-06   -2.37886000e-07
   10.00000  14.98784   -4.14234000e-06   -1.51379000e-07
   10.00000  15.25548   -2.78124000e-06   -9.65658000e-08
   10.00000  15.52312   -1.86738000e-06   -6.17516000e-08
   10.00000  15.79076   -1.25379000e-06   -3.95857000e-08
   10.00000  16.05840   -8.41819000e-07   -2.54381000e-08
   10.00000  16.32604   -5.65213000e-07   -1.63862000e-08
   10.00000  16.59368   -3.79495000e-07   -1.05804000e-08
   10.00000  16.86132   -2.54800000e-07   -6.84746000e-09
   10.00000  17.12896   -1.71077000e-07   -4.44162000e-09
   10.00000  17.39660   -1.14864000e-07   -2.88739000e-09
   10.00000  17.66424   -7.71221000e-08   -1.88101000e-09
   10.00000  17.93188   -5.17812000e-08   -1.22790000e-09
   10.00000  18.19952   -3.47669000e-08   -8.03122000e-10
   10.00000  18.46716   -2.33431000e-08   -5.26272000e-10
   10.00000  18.73480   -1.56730000e-08   -3.45470000e-10
   10.00000  19.00244   -1.05231000e-08   -2.27164000e-10
   10.00000  19.27008   -7.06543000e-09   -1.49609000e-10
   10.00000  19.53772   -4.74386000e-09   -9.86787000e-11
   10.00000  19.80536   -3.18512000e-09   -6.51776000e-11
   10.00000  20.07300   -2.13855000e-09   -4.31065000e-11
   10.00000  20.34064   -1.43586000e-09   -2.85443000e-11
   10.00000   0.00000    0.00000000e+00    0.00000000e+00
   10.00000   0.00000    0.00000000e+00    0.00000000e+00
   11.00000   0.27072   -4.79921000e+01   -9.23754000e-01
   11.00000   0.54144   -4.79071000e+01   -9.30561000e-01
   11.00000   0.81216   -4.77803000e+01   -9.42063000e-01
   11.00000   1.08288   -4.75919000e+01   -9.61430000e-01
   11.00000   1.35360   -4.73128000e+01   -9.93914000e-01
   11.00000   1.62432   -4.69013000e+01   -1.04815000e+00
   11.00000   1.89504   -4.62987000e+01   -1.13811000e+00
   11.00000   2.16576   -4.54255000e+01   -1.28600000e+00
   11.00000   2.43648   -4.41788000e+01   -1.52567000e+00
   11.00000   2.70720   -4.24362000e+01   -1.90555000e+00
   11.00000   2.97792   -4.00713000e+01   -2.48656000e+00
   11.00000   3.24864   -3.69872000e+01   -3.32579000e+00
   11.00000   3.51936   -3.31678000e+01   -4.43172000e+00
   11.00000   3.79008   -2.87290000e+01   -5.68804000e+00
   11.00000   4.06080   -2.39361000e+01   -6.79443000e+00
   11.00000   4.33152   -1.91547000e+01   -7.33986000e+00
   11.00000   4.60224   -1.47472000e+01   -7.05597000e+00
   11.00000   4.87296   -1.09702000e+01   -6.03814000e+00
   11.00000   5.14368   -7.93106000e+00   -4.66749000e+00
   11.00000   5.41440   -5.60693000e+00   -3.33171000e+00
   11.00000   5.68512   -3.89788000e+00   -2.24581000e+00
   11.00000   5.95584   -2.67700000e+00   -1.45637000e+00
   11.00000   6.22656   -1.82277000e+00   -9.21107000e-01
   11.00000   6.49728   -1.23374000e+00   -5.73520000e-01
   11.00000   6.76800   -8.31632000e-01   -3.53699000e-01
   11.00000   7.03872   -5.59023000e-01   -2.16895000e-01
   11.00000   7.30944   -3.75067000e-01   -1.32570000e-01
   11.00000   7.58016   -2.51325000e-01   -8.08867000e-02
   11.00000   7.85088   -1.68264000e-01   -4.93119000e-02
   11.00000   8.12160   -1.12590000e-01   -3.00558000e-02
   11.00000   8.39232   -7.53079000e-02   -1.83220000e-02
   11.00000   8.66304   -5.03582000e-02   -1.11737000e-02
   11.00000   8.93376   -3.36686000e-02   -6.81844000e-03
   11.00000   9.20448   -2.25076000e-02   -4.16383000e-03
   11.00000   9.47520   -1.50453000e-02   -2.54492000e-03
   11.00000   9.74592   -1.00566000e-02   -1.55694000e-03
   11.00000  10.01664   -6.72177000e-03   -9.53513000e-04
   11.00000  10.28736   -4.49271000e-03   -5.84631000e-04
   11.00000  10.55808   -3.00279000e-03   -3.58903000e-04
   11.00000  10.82880   -2.00696000e-03   -2.20624000e-04
   11.00000  11.09952   -1.34137000e-03   -1.35816000e-04
   11.00000  11.37024   -8.96513000e-04   -8.37363000e-05
   11.00000  11.64096   -5.99188000e-04   -5.17109000e-05
   11.00000  11.91168   -4.00469000e-04   -3.19889000e-05
   11.00000  12.18240   -2.67655000e-04   -1.98247000e-05
   11.00000  12.45312   -1.78887000e-04   -1.23097000e-05
   11.00000  12.72384   -1.19559000e-04   -7.65876000e-06
   11.00000  12.99456   -7.99077000e-05   -4.77508000e-06
   11.00000  13.26528   -5.34063000e-05   -2.98365000e-06
   11.00000  13.53600   -3.56941000e-05   -1.86851000e-06
   11.00000  13.80672   -2.38562000e-05   -1.17287000e-06
   11.00000  14.07744   -1.59443000e-05   -7.37972000e-07
   11.00000  14.34816   -1.06564000e-05   -4.65464000e-07
   11.00000  14.61888   -7.12219000e-06   -2.94309000e-07
   11.00000  14.88960   -4.76012000e-06   -1.86555000e-07
   11.00000  15.16032   -3.18142000e-06   -1.18549000e-07
   11.00000  15.43104   -2.12631000e-06   -7.55233000e-08
   11.00000  15.70176   -1.42112000e-06   -4.82336000e-08
   11.00000  15.97248   -9.49804000e-07   -3.08812000e-08
   11.00000  16.24320   -6.34802000e-07   -1.98198000e-08
   11.00000  16.51392   -4.24270000e-07   -1.27510000e-08
   11.00000  16.78464   -2.83561000e-07   -8.22254000e-09
   11.00000  17.05536   -1.89518000e-07   -5.31440000e-09
   11.00000  17.32608   -1.26664000e-07   -3.44237000e-09
   11.00000  17.59680   -8.46561000e-08   -2.23450000e-09
   11.00000  17.86752   -5.65799000e-08   -1.45340000e-09
   11.00000  18.13824   -3.78152000e-08   -9.47176000e-10
   11.00000  18.40896   -2.52738000e-08   -6.18414000e-10
   11.00000  18.67968   -1.68917000e-08   -4.04471000e-10
   11.00000  18.95040   -1.12896000e-08   -2.64980000e-10
   11.00000  19.22112   -7.54541000e-09   -1.73866000e-10
   11.00000  19.49184   -5.04297000e-09   -1.14248000e-10
   11.00000  19.76256   -3.37047000e-09   -7.51759000e-11
   11.00000  20.03328   -2.25266000e-09   -4.95293000e-11
   11.00000  20.30400   -1.50556000e-09   -3.26709000e-11
   12.00000   0.27026   -4.76366000e+01   -1.00478000e+00
   12.00000   0.54052   -4.75524000e+01   -1.01141000e+00
   12.00000   0.81078   -4.74270000e+01   -1.02263000e+00
   12.00000   1.08104   -4.72407000e+01   -1.04155000e+00
   12.00000   1.35130   -4.69650000e+01   -1.07333000e+00
   12.00000   1.62156   -4.65586000e+01   -1.12642000e+00
   12.00000   1.89182   -4.59640000e+01   -1.21457000e+00
   12.00000   2.16208   -4.51026000e+01   -1.35955000e+00
   12.00000   2.43234   -4.38734000e+01   -1.59469000e+00
   12.00000   2.70260   -4.21555000e+01   -1.96765000e+00
   12.00000   2.97286   -3.98239000e+01   -2.53861000e+00
   12.00000   3.24312   -3.67821000e+01   -3.36449000e+00
   12.00000   3.51338   -3.30119000e+01   -4.45527000e+00
   12.00000   3.78364   -2.86249000e+01   -5.69910000e+00
   12.00000   4.05390   -2.38799000e+01   -6.80211000e+00
   12.00000   4.32416   -1.91368000e+01   -7.35675000e+00
   12.00000   4.59442   -1.47548000e+01   -7.08960000e+00
   12.00000   4.86468   -1.09916000e+01   -6.08538000e+00
   12.00000   5.13494   -7.95710000e+00   -4.71842000e+00
   12.00000   5.40520   -5.63220000e+00   -3.37739000e+00
   12.00000   5.67546   -3.91977000e+00   -2.28201000e+00
   12.00000   5.94572   -2.69472000e+00   -1.48285000e+00
   12.00000   6.21598   -1.83652000e+00   -9.39502000e-01
   12.00000   6.48624   -1.24410000e+00   -5.85892000e-01
   12.00000   6.75650   -8.39289000e-01   -3.61856000e-01
   12.00000   7.02676   -5.64601000e-01   -2.22205000e-01
   12.00000   7.29702   -3.79089000e-01   -1.36001000e-01
   12.00000   7.56728   -2.54203000e-01   -8.30929000e-02
   12.00000   7.83754   -1.70312000e-01   -5.07265000e-02
   12.00000   8.10780   -1.14039000e-01   -3.09613000e-02
   12.00000   8.37806   -7.63300000e-02   -1.89011000e-02
   12.00000   8.64832   -5.10767000e-02   -1.15439000e-02
   12.00000   8.91858   -3.41723000e-02   -7.05508000e-03
   12.00000   9.18884   -2.28599000e-02   -4.31514000e-03
   12.00000   9.45910   -1.52912000e-02   -2.64170000e-03
   12.00000   9.72936   -1.02278000e-02   -1.61889000e-03
   12.00000   9.99962   -6.84089000e-03   -9.93193900e-04
   12.00000  10.26988   -4.57542000e-03   -6.10070000e-04
   12.00000  10.54014   -3.06015000e-03   -3.75227000e-04
   12.00000  10.81040   -2.04668000e-03   -2.31111000e-04
   12.00000  11.08066   -1.36884000e-03   -1.42560000e-04
   12.00000  11.35092   -9.15492000e-04   -8.80790000e-05
   12.00000  11.62118   -6.12287000e-04   -5.45109000e-05
   12.00000  11.89144   -4.09500000e-04   -3.37967000e-05
   12.00000  12.16170   -2.73876000e-04   -2.09935000e-05
   12.00000  12.43196   -1.83169000e-04   -1.30664000e-05
   12.00000  12.70222   -1.22504000e-04   -8.14942000e-06
   12.00000  12.97248   -8.19309000e-05   -5.09370000e-06
   12.00000  13.24274   -5.47956000e-05   -3.19086000e-06
   12.00000  13.51300   -3.66474000e-05   -2.00347000e-06
   12.00000  13.78326   -2.45099000e-05   -1.26091000e-06
   12.00000  14.05352   -1.63923000e-05   -7.95483000e-07
   12.00000  14.32378   -1.09632000e-05   -5.03089000e-07
   12.00000  14.59404   -7.33220000e-06   -3.18960000e-07
   12.00000  14.86430   -4.90379000e-06   -2.02728000e-07
   12.00000  15.13456   -3.27966000e-06   -1.29175000e-07
   12.00000  15.40482   -2.19345000e-06   -8.25140000e-08
   12.00000  15.67508   -1.46698000e-06   -5.28386000e-08
   12.00000  15.94534   -9.81120000e-07   -3.39184000e-08
   12.00000  16.21560   -6.56175000e-07   -2.18254000e-08
   12.00000  16.48586   -4.38851000e-07   -1.40769000e-08
   12.00000  16.75612   -2.93505000e-07   -9.10003000e-09
   12.00000  17.02638   -1.96297000e-07   -5.89574000e-09
   12.00000  17.29664   -1.31284000e-07   -3.82788000e-09
   12.00000  17.56690   -8.78027000e-08   -2.49039000e-09
   12.00000  17.83716   -5.87226000e-08   -1.62340000e-09
   12.00000  18.10742   -3.92738000e-08   -1.06021000e-09
   12.00000  18.37768   -2.62664000e-08   -6.93626000e-10
   12.00000  18.64794   -1.75670000e-08   -4.54554000e-10
   12.00000  18.91820   -1.17489000e-08   -2.98352000e-10
   12.00000  19.18846   -7.85766000e-09   -1.96117000e-10
   12.00000  19.45872   -5.25522000e-09   -1.29093000e-10
   12.00000  19.72898   -3.51470000e-09   -8.50849000e-11
   12.00000  19.99924   -2.35064000e-09   -5.61469000e-11
   12.00000  20.26950   -1.57211000e-09   -3.70924000e-11
   13.00000   0.26984   -4.72831000e+01   -1.08835000e+00
   13.00000   0.53968   -4.71997000e+01   -1.09478000e+00
   13.00000   0.80952   -4.70756000e+01   -1.10569000e+00
   13.00000   1.07936   -4.68915000e+01   -1.12411000e+00
   13.00000   1.34920   -4.66190000e+01   -1.15509000e+00
   13.00000   1.61904   -4.62176000e+01   -1.20692000e+00
   13.00000   1.88888   -4.56305000e+01   -1.29306000e+00
   13.00000   2.15872   -4.47806000e+01   -1.43486000e+00
   13.00000   2.42856   -4.35680000e+01   -1.66501000e+00
   13.00000   2.69840   -4.18736000e+01   -2.03036000e+00
   13.00000   2.96824   -3.95739000e+01   -2.59024000e+00
   13.00000   3.23808   -3.65725000e+01   -3.40122000e+00
   13.00000   3.50792   -3.28497000e+01   -4.47463000e+00
   13.00000   3.77776   -2.85128000e+01   -5.70292000e+00
   13.00000   4.04760   -2.38146000e+01   -6.79895000e+00
   13.00000   4.31744   -1.91096000e+01   -7.35954000e+00
   13.00000   4.58728   -1.47539000e+01   -7.10750000e+00
   13.00000   4.85712   -1.10055000e+01   -6.11757000e+00
   13.00000   5.12696   -7.97710000e+00   -4.75678000e+00
   13.00000   5.39680   -5.65279000e+00   -3.41363000e+00
   13.00000   5.66664   -3.93816000e+00   -2.31166000e+00
   13.00000   5.93648   -2.70990000e+00   -1.50499000e+00
   13.00000   6.20632   -1.84844000e+00   -9.55124000e-01
   13.00000   6.47616   -1.25317000e+00   -5.96529000e-01
   13.00000   6.74600   -8.46040000e-01   -3.68941000e-01
   13.00000   7.01584   -5.69548000e-01   -2.26860000e-01
   13.00000   7.28568   -3.82674000e-01   -1.39033000e-01
   13.00000   7.55552   -2.56780000e-01   -8.50577000e-02
   13.00000   7.82536   -1.72151000e-01   -5.19954000e-02
   13.00000   8.09520   -1.15346000e-01   -3.17791000e-02
   13.00000   8.36504   -7.72542000e-02   -1.94276000e-02
   13.00000   8.63488   -5.17282000e-02   -1.18827000e-02
   13.00000   8.90472   -3.46302000e-02   -7.27296000e-03
   13.00000   9.17456   -2.31809000e-02   -4.45530000e-03
   13.00000   9.44440   -1.55157000e-02   -2.73189000e-03
   13.00000   9.71424   -1.03846000e-02   -1.67695000e-03
   13.00000   9.98408   -6.95012000e-03   -1.03060000e-03
   13.00000  10.25392   -4.65141000e-03   -6.34182000e-04
   13.00000  10.52376   -3.11293000e-03   -3.90785000e-04
   13.00000  10.79360   -2.08329000e-03   -2.41158000e-04
   13.00000  11.06344   -1.39421000e-03   -1.49056000e-04
   13.00000  11.33328   -9.33046000e-04   -9.22836000e-05
   13.00000  11.60312   -6.24420000e-04   -5.72355000e-05
   13.00000  11.87296   -4.17878000e-04   -3.55644000e-05
   13.00000  12.14280   -2.79655000e-04   -2.21419000e-05
   13.00000  12.41264   -1.87152000e-04   -1.38134000e-05
   13.00000  12.68248   -1.25246000e-04   -8.63602000e-06
   13.00000  12.95232   -8.38179000e-05   -5.41108000e-06
   13.00000  13.22216   -5.60929000e-05   -3.39816000e-06
   13.00000  13.49200   -3.75387000e-05   -2.13905000e-06
   13.00000  13.76184   -2.51218000e-05   -1.34970000e-06
   13.00000  14.03168   -1.68121000e-05   -8.53714000e-07
   13.00000  14.30152   -1.12510000e-05   -5.41328000e-07
   13.00000  14.57136   -7.52946000e-06   -3.44103000e-07
   13.00000  14.84120   -5.03889000e-06   -2.19281000e-07
   13.00000  15.11104   -3.37214000e-06   -1.40086000e-07
   13.00000  15.38088   -2.25672000e-06   -8.97147000e-08
   13.00000  15.65072   -1.51025000e-06   -5.75962000e-08
   13.00000  15.92056   -1.01069000e-06   -3.70653000e-08
   13.00000  16.19040   -6.76379000e-07   -2.39091000e-08
   13.00000  16.46024   -4.52649000e-07   -1.54580000e-08
   13.00000  16.73008   -3.02923000e-07   -1.00163000e-08
   13.00000  16.99992   -2.02723000e-07   -6.50418000e-09
   13.00000  17.26976   -1.35667000e-07   -4.23227000e-09
   13.00000  17.53960   -9.07915000e-08   -2.75937000e-09
   13.00000  17.80944   -6.07598000e-08   -1.80245000e-09
   13.00000  18.07928   -4.06619000e-08   -1.17949000e-09
   13.00000  18.34912   -2.72119000e-08   -7.73138000e-10
   13.00000  18.61896   -1.82108000e-08   -5.07590000e-10
   13.00000  18.88880   -1.21871000e-08   -3.33749000e-10
   13.00000  19.15864   -8.15589000e-09   -2.19755000e-10
   13.00000  19.42848   -5.45811000e-09   -1.44886000e-10
   13.00000  19.69832   -3.65270000e-09   -9.56415000e-11
   13.00000  19.96816   -2.44447000e-09   -6.32064000e-11
   13.00000  20.23800   -1.63590000e-09   -4.18153000e-11
   14.00000   0.26944   -4.69317000e+01   -1.17432000e+00
   14.00000   0.53888   -4.68491000e+01   -1.18053000e+00
   14.00000   0.80832   -4.67263000e+01   -1.19110000e+00
   14.00000   1.07776   -4.65442000e+01   -1.20898000e+00
   14.00000   1.34720   -4.62748000e+01   -1.23911000e+00
   14.00000   1.61664   -4.58782000e+01   -1.28957000e+00
   14.00000   1.88608   -4.52985000e+01   -1.37353000e+00
   14.00000   2.15552   -4.44595000e+01   -1.51190000e+00
   14.00000   2.42496   -4.32628000e+01   -1.73669000e+00
   14.00000   2.69440   -4.15911000e+01   -2.09386000e+00
   14.00000   2.96384   -3.93219000e+01   -2.64179000e+00
   14.00000   3.23328   -3.63595000e+01   -3.43659000e+00
   14.00000   3.50272   -3.26824000e+01   -4.49076000e+00
   14.00000   3.77216   -2.83941000e+01   -5.70093000e+00
   14.00000   4.04160   -2.37418000e+01   -6.78687000e+00
   14.00000   4.31104   -1.90746000e+01   -7.35050000e+00
   14.00000   4.58048   -1.47456000e+01   -7.11202000e+00
   14.00000   4.84992   -1.10131000e+01   -6.13682000e+00
   14.00000   5.11936   -7.99194000e+00   -4.78425000e+00
   14.00000   5.38880   -5.66937000e+00   -3.44165000e+00
   14.00000   5.65824   -3.95354000e+00   -2.33555000e+00
   14.00000   5.92768   -2.72287000e+00   -1.52332000e+00
   14.00000   6.19712   -1.85879000e+00   -9.68301000e-01
   14.00000   6.46656   -1.26112000e+00   -6.05633000e-01
   14.00000   6.73600   -8.52007000e-01   -3.75078000e-01
   14.00000   7.00544   -5.73949000e-01   -2.30934000e-01
   14.00000   7.27488   -3.85881000e-01   -1.41712000e-01
   14.00000   7.54432   -2.59094000e-01   -8.68082000e-02
   14.00000   7.81376   -1.73810000e-01   -5.31350000e-02
   14.00000   8.08320   -1.16528000e-01   -3.25191000e-02
   14.00000   8.35264   -7.80934000e-02   -1.99074000e-02
   14.00000   8.62208   -5.23215000e-02   -1.21935000e-02
   14.00000   8.89152   -3.50483000e-02   -7.47421000e-03
   14.00000   9.16096   -2.34747000e-02   -4.58558000e-03
   14.00000   9.43040   -1.57217000e-02   -2.81624000e-03
   14.00000   9.69984   -1.05287000e-02   -1.73158000e-03
   14.00000   9.96928   -7.05073000e-03   -1.06599000e-03
   14.00000  10.23872   -4.72153000e-03   -6.57130000e-04
   14.00000  10.50816   -3.16173000e-03   -4.05674000e-04
   14.00000  10.77760   -2.11720000e-03   -2.50826000e-04
   14.00000  11.04704   -1.41774000e-03   -1.55339000e-04
   14.00000  11.31648   -9.49352000e-04   -9.63709000e-05
   14.00000  11.58592   -6.35708000e-04   -5.98972000e-05
   14.00000  11.85536   -4.25684000e-04   -3.72996000e-05
   14.00000  12.12480   -2.85046000e-04   -2.32744000e-05
   14.00000  12.39424   -1.90873000e-04   -1.45535000e-05
   14.00000  12.66368   -1.27812000e-04   -9.12014000e-06
   14.00000  12.93312   -8.55853000e-05   -5.72818000e-06
   14.00000  13.20256   -5.73096000e-05   -3.60611000e-06
   14.00000  13.47200   -3.83755000e-05   -2.27559000e-06
   14.00000  13.74144   -2.56970000e-05   -1.43946000e-06
   14.00000  14.01088   -1.72072000e-05   -9.12789000e-07
   14.00000  14.28032   -1.15222000e-05   -5.80254000e-07
   14.00000  14.54976   -7.71550000e-06   -3.69783000e-07
   14.00000  14.81920   -5.16644000e-06   -2.36241000e-07
   14.00000  15.08864   -3.45955000e-06   -1.51299000e-07
   14.00000  15.35808   -2.31658000e-06   -9.71359000e-08
   14.00000  15.62752   -1.55122000e-06   -6.25128000e-08
   14.00000  15.89696   -1.03873000e-06   -4.03258000e-08
   14.00000  16.16640   -6.95550000e-07   -2.60733000e-08
   14.00000  16.43584   -4.65753000e-07   -1.68958000e-08
   14.00000  16.70528   -3.11877000e-07   -1.09723000e-08
   14.00000  16.97472   -2.08839000e-07   -7.14039000e-09
   14.00000  17.24416   -1.39842000e-07   -4.65595000e-09
   14.00000  17.51360   -9.36408000e-08   -3.04172000e-09
   14.00000  17.78304   -6.27036000e-08   -1.99075000e-09
   14.00000  18.05248   -4.19875000e-08   -1.30513000e-09
   14.00000  18.32192   -2.81156000e-08   -8.57030000e-10
   14.00000  18.59136   -1.88267000e-08   -5.63634000e-10
   14.00000  18.86080   -1.26067000e-08   -3.71209000e-10
   14.00000  19.13024   -8.44169000e-09   -2.44804000e-10
   14.00000  19.39968   -5.65271000e-09   -1.61644000e-10
   14.00000  19.66912   -3.78516000e-09   -1.06858000e-10
   14.00000  19.93856   -2.53461000e-09   -7.07162000e-11
   14.00000  20.20800   -1.69722000e-09   -4.68452000e-11
   15.00000   0.26907   -4.65824000e+01   -1.26256000e+00
   15.00000   0.53814   -4.65006000e+01   -1.26854000e+00
   15.00000   0.80721   -4.63791000e+01   -1.27875000e+00
   15.00000   1.07628   -4.61989000e+01   -1.29605000e+00
   15.00000   1.34535   -4.59325000e+01   -1.32526000e+00
   15.00000   1.61442   -4.55406000e+01   -1.37427000e+00
   15.00000   1.88349   -4.49679000e+01   -1.45593000e+00
   15.00000   2.15256   -4.41395000e+01   -1.59065000e+00
   15.00000   2.42163   -4.29582000e+01   -1.80976000e+00
   15.00000   2.69070   -4.13082000e+01   -2.15828000e+00
   15.00000   2.95977   -3.90685000e+01   -2.69357000e+00
   15.00000   3.22884   -3.61436000e+01   -3.47113000e+00
   15.00000   3.49791   -3.25108000e+01   -4.50449000e+00
   15.00000   3.76698   -2.82698000e+01   -5.69436000e+00
   15.00000   4.03605   -2.36626000e+01   -6.76752000e+00
   15.00000   4.30512   -1.90329000e+01   -7.33161000e+00
   15.00000   4.57419   -1.47311000e+01   -7.10520000e+00
   15.00000   4.84326   -1.10152000e+01   -6.14498000e+00
   15.00000   5.11233   -8.00229000e+00   -4.80228000e+00
   15.00000   5.38140   -5.68246000e+00   -3.46249000e+00
   15.00000   5.65047   -3.96630000e+00   -2.35441000e+00
   15.00000   5.91954   -2.73393000e+00   -1.53829000e+00
   15.00000   6.18861   -1.86775000e+00   -9.79323000e-01
   15.00000   6.45768   -1.26810000e+00   -6.13383000e-01
   15.00000   6.72675   -8.57288000e-01   -3.80376000e-01
   15.00000   6.99582   -5.77872000e-01   -2.34494000e-01
   15.00000   7.26489   -3.88755000e-01   -1.44077000e-01
   15.00000   7.53396   -2.61179000e-01   -8.83687000e-02
   15.00000   7.80303   -1.75311000e-01   -5.41598000e-02
   15.00000   8.07210   -1.17602000e-01   -3.31901000e-02
   15.00000   8.34117   -7.88579000e-02   -2.03458000e-02
   15.00000   8.61024   -5.28635000e-02   -1.24796000e-02
   15.00000   8.87931   -3.54313000e-02   -7.66073000e-03
   15.00000   9.14838   -2.37446000e-02   -4.70714000e-03
   15.00000   9.41745   -1.59113000e-02   -2.89545000e-03
   15.00000   9.68652   -1.06616000e-02   -1.78319000e-03
   15.00000   9.95559   -7.14374000e-03   -1.09963000e-03
   15.00000  10.22466   -4.78648000e-03   -6.79064000e-04
   15.00000  10.49373   -3.20701000e-03   -4.19982000e-04
   15.00000  10.76280   -2.14871000e-03   -2.60166000e-04
   15.00000  11.03187   -1.43964000e-03   -1.61441000e-04
   15.00000  11.30094   -9.64557000e-04   -1.00360000e-04
   15.00000  11.57001   -6.46249000e-04   -6.25072000e-05
   15.00000  11.83908   -4.32983000e-04   -3.90090000e-05
   15.00000  12.10815   -2.90095000e-04   -2.43950000e-05
   15.00000  12.37722   -1.94362000e-04   -1.52888000e-05
   15.00000  12.64629   -1.30221000e-04   -9.60320000e-06
   15.00000  12.91536   -8.72468000e-05   -6.04583000e-06
   15.00000  13.18443   -5.84546000e-05   -3.81521000e-06
   15.00000  13.45350   -3.91641000e-05   -2.41338000e-06
   15.00000  13.72257   -2.62396000e-05   -1.53036000e-06
   15.00000  13.99164   -1.75803000e-05   -9.72815000e-07
   15.00000  14.26071   -1.17786000e-05   -6.19933000e-07
   15.00000  14.52978   -7.89158000e-06   -3.96038000e-07
   15.00000  14.79885   -5.28728000e-06   -2.53631000e-07
   15.00000  15.06792   -3.54243000e-06   -1.62828000e-07
   15.00000  15.33699   -2.37340000e-06   -1.04786000e-07
   15.00000  15.60606   -1.59016000e-06   -6.75938000e-08
   15.00000  15.87513   -1.06539000e-06   -4.37032000e-08
   15.00000  16.14420   -7.13801000e-07   -2.83202000e-08
   15.00000  16.41327   -4.78240000e-07   -1.83917000e-08
   15.00000  16.68234   -3.20417000e-07   -1.19690000e-08
   15.00000  16.95141   -2.14676000e-07   -7.80487000e-09
   15.00000  17.22048   -1.43831000e-07   -5.09926000e-09
   15.00000  17.48955   -9.63656000e-08   -3.33767000e-09
   15.00000  17.75862   -6.45641000e-08   -2.18842000e-09
   15.00000  18.02769   -4.32573000e-08   -1.43725000e-09
   15.00000  18.29676   -2.89820000e-08   -9.45369000e-10
   15.00000  18.56583   -1.94177000e-08   -6.22731000e-10
   15.00000  18.83490   -1.30097000e-08   -4.10762000e-10
   15.00000  19.10397   -8.71637000e-09   -2.71287000e-10
   15.00000  19.37304   -5.83989000e-09   -1.79383000e-10
   15.00000  19.64211   -3.91267000e-09   -1.18744000e-10
   15.00000  19.91118   -2.62146000e-09   -7.86830000e-11
   15.00000  20.18025   -1.75635000e-09   -5.21868000e-11
   16.00000   0.26872   -4.62351000e+01   -1.35295000e+00
   16.00000   0.53744   -4.61541000e+01   -1.35869000e+00
   16.00000   0.80616   -4.60338000e+01   -1.36850000e+00
   16.00000   1.07488   -4.58555000e+01   -1.38520000e+00
   16.00000   1.34360   -4.55921000e+01   -1.41345000e+00
   16.00000   1.61232   -4.52047000e+01   -1.46093000e+00
   16.00000   1.88104   -4.46389000e+01   -1.54017000e+00
   16.00000   2.14976   -4.38206000e+01   -1.67108000e+00
   16.00000   2.41848   -4.26543000e+01   -1.88426000e+00
   16.00000   2.68720   -4.10253000e+01   -2.22374000e+00
   16.00000   2.95592   -3.88141000e+01   -2.74579000e+00
   16.00000   3.22464   -3.59255000e+01   -3.50524000e+00
   16.00000   3.49336   -3.23356000e+01   -4.51650000e+00
   16.00000   3.76208   -2.81407000e+01   -5.68424000e+00
   16.00000   4.03080   -2.35778000e+01   -6.74231000e+00
   16.00000   4.29952   -1.89855000e+01   -7.30457000e+00
   16.00000   4.56824   -1.47111000e+01   -7.08882000e+00
   16.00000   4.83696   -1.10124000e+01   -6.14363000e+00
   16.00000   5.10568   -8.00872000e+00   -4.81216000e+00
   16.00000   5.37440   -5.69249000e+00   -3.47708000e+00
   16.00000   5.64312   -3.97675000e+00   -2.36885000e+00
   16.00000   5.91184   -2.74330000e+00   -1.55032000e+00
   16.00000   6.18056   -1.87551000e+00   -9.88442000e-01
   16.00000   6.44928   -1.27421000e+00   -6.19936000e-01
   16.00000   6.71800   -8.61965000e-01   -3.84932000e-01
   16.00000   6.98672   -5.81373000e-01   -2.37598000e-01
   16.00000   7.25544   -3.91336000e-01   -1.46165000e-01
   16.00000   7.52416   -2.63061000e-01   -8.97609000e-02
   16.00000   7.79288   -1.76672000e-01   -5.50830000e-02
   16.00000   8.06160   -1.18580000e-01   -3.37999000e-02
   16.00000   8.33032   -7.95562000e-02   -2.07475000e-02
   16.00000   8.59904   -5.33601000e-02   -1.27437000e-02
   16.00000   8.86776   -3.57832000e-02   -7.83423000e-03
   16.00000   9.13648   -2.39932000e-02   -4.82099000e-03
   16.00000   9.40520   -1.60864000e-02   -2.97012000e-03
   16.00000   9.67392   -1.07847000e-02   -1.83215000e-03
   16.00000   9.94264   -7.22998000e-03   -1.13173000e-03
   16.00000  10.21136   -4.84683000e-03   -7.00113000e-04
   16.00000  10.48008   -3.24915000e-03   -4.33789000e-04
   16.00000  10.74880   -2.17810000e-03   -2.69226000e-04
   16.00000  11.01752   -1.46010000e-03   -1.67388000e-04
   16.00000  11.28624   -9.78778000e-04   -1.04267000e-04
   16.00000  11.55496   -6.56123000e-04   -6.50754000e-05
   16.00000  11.82368   -4.39830000e-04   -4.06984000e-05
   16.00000  12.09240   -2.94838000e-04   -2.55072000e-05
   16.00000  12.36112   -1.97643000e-04   -1.60216000e-05
   16.00000  12.62984   -1.32489000e-04   -1.00865000e-05
   16.00000  12.89856   -8.88134000e-05   -6.36480000e-06
   16.00000  13.16728   -5.95356000e-05   -4.02593000e-06
   16.00000  13.43600   -3.99093000e-05   -2.55271000e-06
   16.00000  13.70472   -2.67530000e-05   -1.62256000e-06
   16.00000  13.97344   -1.79337000e-05   -1.03389000e-06
   16.00000  14.24216   -1.20218000e-05   -6.60423000e-07
   16.00000  14.51088   -8.05871000e-06   -4.22904000e-07
   16.00000  14.77960   -5.40211000e-06   -2.71472000e-07
   16.00000  15.04832   -3.62127000e-06   -1.74686000e-07
   16.00000  15.31704   -2.42750000e-06   -1.12674000e-07
   16.00000  15.58576   -1.62726000e-06   -7.28441000e-08
   16.00000  15.85448   -1.09082000e-06   -4.72007000e-08
   16.00000  16.12320   -7.31226000e-07   -3.06516000e-08
   16.00000  16.39192   -4.90173000e-07   -1.99469000e-08
   16.00000  16.66064   -3.28584000e-07   -1.30070000e-08
   16.00000  16.92936   -2.20265000e-07   -8.49813000e-09
   16.00000  17.19808   -1.47653000e-07   -5.56253000e-09
   16.00000  17.46680   -9.89783000e-08   -3.64741000e-09
   16.00000  17.73552   -6.63495000e-08   -2.39563000e-09
   16.00000  18.00424   -4.44770000e-08   -1.57592000e-09
   16.00000  18.27296   -2.98149000e-08   -1.03822000e-09
   16.00000  18.54168   -1.99862000e-08   -6.84924000e-10
   16.00000  18.81040   -1.33976000e-08   -4.52436000e-10
   16.00000  19.07912   -8.98103000e-09   -2.99223000e-10
   16.00000  19.34784   -6.02038000e-09   -1.98115000e-10
   16.00000  19.61656   -4.03572000e-09   -1.31308000e-10
   16.00000  19.88528   -2.70532000e-09   -8.71134000e-11
   16.00000  20.15400   -1.81350000e-09   -5.78447000e-11
   17.00000   0.26838   -4.58899000e+01   -1.44535000e+00
   17.00000   0.53676   -4.58097000e+01   -1.45083000e+00
   17.00000   0.80514   -4.56906000e+01   -1.46024000e+00
   17.00000   1.07352   -4.55142000e+01   -1.47631000e+00
   17.00000   1.34190   -4.52536000e+01   -1.50355000e+00
   17.00000   1.61028   -4.48706000e+01   -1.54944000e+00
   17.00000   1.87866   -4.43114000e+01   -1.62617000e+00
   17.00000   2.14704   -4.35031000e+01   -1.75314000e+00
   17.00000   2.41542   -4.23511000e+01   -1.96017000e+00
   17.00000   2.68380   -4.07426000e+01   -2.29030000e+00
   17.00000   2.95218   -3.85589000e+01   -2.79865000e+00
   17.00000   3.22056   -3.57055000e+01   -3.53929000e+00
   17.00000   3.48894   -3.21574000e+01   -4.52739000e+00
   17.00000   3.75732   -2.80076000e+01   -5.67146000e+00
   17.00000   4.02570   -2.34882000e+01   -6.71244000e+00
   17.00000   4.29408   -1.89330000e+01   -7.27081000e+00
   17.00000   4.56246   -1.46862000e+01   -7.06438000e+00
   17.00000   4.83084   -1.10055000e+01   -6.13416000e+00
   17.00000   5.09922   -8.01168000e+00   -4.81498000e+00
   17.00000   5.36760   -5.69981000e+00   -3.48621000e+00
   17.00000   5.63598   -3.98517000e+00   -2.37941000e+00
   17.00000   5.90436   -2.75118000e+00   -1.55974000e+00
   17.00000   6.17274   -1.88219000e+00   -9.95885000e-01
   17.00000   6.44112   -1.27957000e+00   -6.25431000e-01
   17.00000   6.70950   -8.66103000e-01   -3.88832000e-01
   17.00000   6.97788   -5.84498000e-01   -2.40299000e-01
   17.00000   7.24626   -3.93656000e-01   -1.48006000e-01
   17.00000   7.51464   -2.64762000e-01   -9.10037000e-02
   17.00000   7.78302   -1.77908000e-01   -5.59159000e-02
   17.00000   8.05140   -1.19471000e-01   -3.43555000e-02
   17.00000   8.31978   -8.01953000e-02   -2.11168000e-02
   17.00000   8.58816   -5.38162000e-02   -1.29885000e-02
   17.00000   8.85654   -3.61073000e-02   -7.99622000e-03
   17.00000   9.12492   -2.42227000e-02   -4.92804000e-03
   17.00000   9.39330   -1.62485000e-02   -3.04080000e-03
   17.00000   9.66168   -1.08988000e-02   -1.87878000e-03
   17.00000   9.93006   -7.31017000e-03   -1.16249000e-03
   17.00000  10.19844   -4.90304000e-03   -7.20395000e-04
   17.00000  10.46682   -3.28848000e-03   -4.47163000e-04
   17.00000  10.73520   -2.20557000e-03   -2.78046000e-04
   17.00000  11.00358   -1.47926000e-03   -1.73207000e-04
   17.00000  11.27196   -9.92117000e-04   -1.08107000e-04
   17.00000  11.54034   -6.65397000e-04   -6.76108000e-05
   17.00000  11.80872   -4.46271000e-04   -4.23733000e-05
   17.00000  12.07710   -2.99306000e-04   -2.66142000e-05
   17.00000  12.34548   -2.00739000e-04   -1.67538000e-05
   17.00000  12.61386   -1.34632000e-04   -1.05710000e-05
   17.00000  12.88224   -9.02947000e-05   -6.68573000e-06
   17.00000  13.15062   -6.05589000e-05   -4.23864000e-06
   17.00000  13.41900   -4.06156000e-05   -2.69379000e-06
   17.00000  13.68738   -2.72401000e-05   -1.71621000e-06
   17.00000  13.95576   -1.82694000e-05   -1.09609000e-06
   17.00000  14.22414   -1.22529000e-05   -7.01773000e-07
   17.00000  14.49252   -8.21777000e-06   -4.50411000e-07
   17.00000  14.76090   -5.51149000e-06   -2.89783000e-07
   17.00000  15.02928   -3.69645000e-06   -1.86884000e-07
   17.00000  15.29766   -2.47913000e-06   -1.20804000e-07
   17.00000  15.56604   -1.66270000e-06   -7.82675000e-08
   17.00000  15.83442   -1.11514000e-06   -5.08204000e-08
   17.00000  16.10280   -7.47902000e-07   -3.30689000e-08
   17.00000  16.37118   -5.01603000e-07   -2.15622000e-08
   17.00000  16.63956   -3.36415000e-07   -1.40870000e-08
   17.00000  16.90794   -2.25627000e-07   -9.22053000e-09
   17.00000  17.17632   -1.51323000e-07   -6.04599000e-09
   17.00000  17.44470   -1.01489000e-07   -3.97111000e-09
   17.00000  17.71308   -6.80669000e-08   -2.61245000e-09
   17.00000  17.98146   -4.56511000e-08   -1.72122000e-09
   17.00000  18.24984   -3.06172000e-08   -1.13562000e-09
   17.00000  18.51822   -2.05344000e-08   -7.50242000e-10
   17.00000  18.78660   -1.37720000e-08   -4.96253000e-10
   17.00000  19.05498   -9.23659000e-09   -3.28626000e-10
   17.00000  19.32336   -6.19479000e-09   -2.17852000e-10
   17.00000  19.59174   -4.15472000e-09   -1.44560000e-10
   17.00000  19.86012   -2.78649000e-09   -9.60125000e-11
   17.00000  20.12850   -1.86884000e-09   -6.38225000e-11
   18.00000   0.26806   -4.55469000e+01   -1.53965000e+00
   18.00000   0.53612   -4.54674000e+01   -1.54486000e+00
   18.00000   0.80418   -4.53494000e+01   -1.55386000e+00
   18.00000   1.07224   -4.51748000e+01   -1.56927000e+00
   18.00000   1.34030   -4.49171000e+01   -1.59547000e+00
   18.00000   1.60836   -4.45383000e+01   -1.63973000e+00
   18.00000   1.87642   -4.39856000e+01   -1.71387000e+00
   18.00000   2.14448   -4.31869000e+01   -1.83677000e+00
   18.00000   2.41254   -4.20489000e+01   -2.03749000e+00
   18.00000   2.68060   -4.04601000e+01   -2.35803000e+00
   18.00000   2.94866   -3.83032000e+01   -2.85231000e+00
   18.00000   3.21672   -3.54841000e+01   -3.57357000e+00
   18.00000   3.48478   -3.19766000e+01   -4.53765000e+00
   18.00000   3.75284   -2.78709000e+01   -5.65676000e+00
   18.00000   4.02090   -2.33944000e+01   -6.67894000e+00
   18.00000   4.28896   -1.88760000e+01   -7.23161000e+00
   18.00000   4.55702   -1.46572000e+01   -7.03323000e+00
   18.00000   4.82508   -1.09949000e+01   -6.11778000e+00
   18.00000   5.09314   -8.01158000e+00   -4.81172000e+00
   18.00000   5.36120   -5.70473000e+00   -3.49061000e+00
   18.00000   5.62926   -3.99178000e+00   -2.38660000e+00
   18.00000   5.89732   -2.75771000e+00   -1.56689000e+00
   18.00000   6.16538   -1.88790000e+00   -1.00185000e+00
   18.00000   6.43344   -1.28423000e+00   -6.29993000e-01
   18.00000   6.70150   -8.69759000e-01   -3.92151000e-01
   18.00000   6.96956   -5.87285000e-01   -2.42643000e-01
   18.00000   7.23762   -3.95741000e-01   -1.49630000e-01
   18.00000   7.50568   -2.66301000e-01   -9.21145000e-02
   18.00000   7.77374   -1.79031000e-01   -5.66691000e-02
   18.00000   8.04180   -1.20285000e-01   -3.48631000e-02
   18.00000   8.30986   -8.07812000e-02   -2.14573000e-02
   18.00000   8.57792   -5.42357000e-02   -1.32162000e-02
   18.00000   8.84598   -3.64064000e-02   -8.14808000e-03
   18.00000   9.11404   -2.44351000e-02   -5.02912000e-03
   18.00000   9.38210   -1.63988000e-02   -3.10798000e-03
   18.00000   9.65016   -1.10049000e-02   -1.92339000e-03
   18.00000   9.91822   -7.38489000e-03   -1.19208000e-03
   18.00000  10.18628   -4.95553000e-03   -7.40019000e-04
   18.00000  10.45434   -3.32528000e-03   -4.60171000e-04
   18.00000  10.72240   -2.23132000e-03   -2.86667000e-04
   18.00000  10.99046   -1.49724000e-03   -1.78921000e-04
   18.00000  11.25852   -1.00466000e-03   -1.11894000e-04
   18.00000  11.52658   -6.74130000e-04   -7.01217000e-05
   18.00000  11.79464   -4.52344000e-04   -4.40385000e-05
   18.00000  12.06270   -3.03524000e-04   -2.77190000e-05
   18.00000  12.33076   -2.03665000e-04   -1.74871000e-05
   18.00000  12.59882   -1.36659000e-04   -1.10580000e-05
   18.00000  12.86688   -9.16986000e-05   -7.00929000e-06
   18.00000  13.13494   -6.15298000e-05   -4.45374000e-06
   18.00000  13.40300   -4.12865000e-05   -2.83687000e-06
   18.00000  13.67106   -2.77033000e-05   -1.81144000e-06
   18.00000  13.93912   -1.85889000e-05   -1.15951000e-06
   18.00000  14.20718   -1.24732000e-05   -7.44033000e-07
   18.00000  14.47524   -8.36949000e-06   -4.78588000e-07
   18.00000  14.74330   -5.61593000e-06   -3.08581000e-07
   18.00000  15.01136   -3.76829000e-06   -1.99432000e-07
   18.00000  15.27942   -2.52852000e-06   -1.29185000e-07
   18.00000  15.54748   -1.69664000e-06   -8.38683000e-08
   18.00000  15.81554   -1.13845000e-06   -5.45652000e-08
   18.00000  16.08360   -7.63898000e-07   -3.55740000e-08
   18.00000  16.35166   -5.12575000e-07   -2.32387000e-08
   18.00000  16.61972   -3.43938000e-07   -1.52096000e-08
   18.00000  16.88778   -2.30783000e-07   -9.97252000e-09
   18.00000  17.15584   -1.54855000e-07   -6.54994000e-09
   18.00000  17.42390   -1.03908000e-07   -4.30896000e-09
   18.00000  17.69196   -6.97222000e-08   -2.83903000e-09
   18.00000  17.96002   -4.67836000e-08   -1.87323000e-09
   18.00000  18.22808   -3.13918000e-08   -1.23764000e-09
   18.00000  18.49614   -2.10639000e-08   -8.18727000e-10
   18.00000  18.76420   -1.41339000e-08   -5.42241000e-10
   18.00000  19.03226   -9.48384000e-09   -3.59515000e-10
   18.00000  19.30032   -6.36366000e-09   -2.38605000e-10
   18.00000  19.56838   -4.27002000e-09   -1.58506000e-10
   18.00000  19.83644   -2.86518000e-09   -1.05387000e-10
   18.00000  20.10450   -1.92254000e-09   -7.01245000e-11
   19.00000   0.26775   -4.52058000e+01   -1.63569000e+00
   19.00000   0.53550   -4.51271000e+01   -1.64063000e+00
   19.00000   0.80325   -4.50103000e+01   -1.64920000e+00
   19.00000   1.07100   -4.48375000e+01   -1.66393000e+00
   19.00000   1.33875   -4.45825000e+01   -1.68907000e+00
   19.00000   1.60650   -4.42079000e+01   -1.73165000e+00
   19.00000   1.87425   -4.36615000e+01   -1.80314000e+00
   19.00000   2.14200   -4.28721000e+01   -1.92189000e+00
   19.00000   2.40975   -4.17478000e+01   -2.11618000e+00
   19.00000   2.67750   -4.01782000e+01   -2.42693000e+00
   19.00000   2.94525   -3.80473000e+01   -2.90685000e+00
   19.00000   3.21300   -3.52615000e+01   -3.60830000e+00
   19.00000   3.48075   -3.17938000e+01   -4.54767000e+00
   19.00000   3.74850   -2.77313000e+01   -5.64077000e+00
   19.00000   4.01625   -2.32969000e+01   -6.64267000e+00
   19.00000   4.28400   -1.88152000e+01   -7.18802000e+00
   19.00000   4.55175   -1.46244000e+01   -6.99648000e+00
   19.00000   4.81950   -1.09809000e+01   -6.09552000e+00
   19.00000   5.08725   -8.00873000e+00   -4.80322000e+00
   19.00000   5.35500   -5.70749000e+00   -3.49089000e+00
   19.00000   5.62275   -3.99675000e+00   -2.39082000e+00
   19.00000   5.89050   -2.76305000e+00   -1.57203000e+00
   19.00000   6.15825   -1.89275000e+00   -1.00651000e+00
   19.00000   6.42600   -1.28828000e+00   -6.33730000e-01
   19.00000   6.69375   -8.72981000e-01   -3.94957000e-01
   19.00000   6.96150   -5.89769000e-01   -2.44670000e-01
   19.00000   7.22925   -3.97615000e-01   -1.51061000e-01
   19.00000   7.49700   -2.67693000e-01   -9.31079000e-02
   19.00000   7.76475   -1.80053000e-01   -5.73515000e-02
   19.00000   8.03250   -1.21029000e-01   -3.53281000e-02
   19.00000   8.30025   -8.13189000e-02   -2.17724000e-02
   19.00000   8.56800   -5.46222000e-02   -1.34288000e-02
   19.00000   8.83575   -3.66828000e-02   -8.29097000e-03
   19.00000   9.10350   -2.46319000e-02   -5.12494000e-03
   19.00000   9.37125   -1.65386000e-02   -3.17210000e-03
   19.00000   9.63900   -1.11038000e-02   -1.96622000e-03
   19.00000   9.90675   -7.45465000e-03   -1.22067000e-03
   19.00000  10.17450   -5.00463000e-03   -7.59073000e-04
   19.00000  10.44225   -3.35976000e-03   -4.72865000e-04
   19.00000  10.71000   -2.25549000e-03   -2.95120000e-04
   19.00000  10.97775   -1.51415000e-03   -1.84548000e-04
   19.00000  11.24550   -1.01647000e-03   -1.15639000e-04
   19.00000  11.51325   -6.82369000e-04   -7.26146000e-05
   19.00000  11.78100   -4.58082000e-04   -4.56979000e-05
   19.00000  12.04875   -3.07515000e-04   -2.88239000e-05
   19.00000  12.31650   -2.06437000e-04   -1.82229000e-05
   19.00000  12.58425   -1.38583000e-04   -1.15481000e-05
   19.00000  12.85200   -9.30318000e-05   -7.33590000e-06
   19.00000  13.11975   -6.24530000e-05   -4.67148000e-06
   19.00000  13.38750   -4.19251000e-05   -2.98209000e-06
   19.00000  13.65525   -2.81447000e-05   -1.90833000e-06
   19.00000  13.92300   -1.88937000e-05   -1.22420000e-06
   19.00000  14.19075   -1.26835000e-05   -7.87232000e-07
   19.00000  14.45850   -8.51451000e-06   -5.07453000e-07
   19.00000  14.72625   -5.71586000e-06   -3.27877000e-07
   19.00000  14.99400   -3.83709000e-06   -2.12337000e-07
   19.00000  15.26175   -2.57587000e-06   -1.37820000e-07
   19.00000  15.52950   -1.72920000e-06   -8.96483000e-08
   19.00000  15.79725   -1.16082000e-06   -5.84360000e-08
   19.00000  16.06500   -7.79269000e-07   -3.81673000e-08
   19.00000  16.33275   -5.23129000e-07   -2.49769000e-08
   19.00000  16.60050   -3.51180000e-07   -1.63750000e-08
   19.00000  16.86825   -2.35750000e-07   -1.07542000e-08
   19.00000  17.13600   -1.58261000e-07   -7.07443000e-09
   19.00000  17.40375   -1.06241000e-07   -4.66100000e-09
   19.00000  17.67150   -7.13206000e-08   -3.07540000e-09
   19.00000  17.93925   -4.78781000e-08   -2.03197000e-09
   19.00000  18.20700   -3.21409000e-08   -1.34428000e-09
   19.00000  18.47475   -2.15764000e-08   -8.90388000e-10
   19.00000  18.74250   -1.44844000e-08   -5.90407000e-10
   19.00000  19.01025   -9.72348000e-09   -3.91896000e-10
   19.00000  19.27800   -6.52744000e-09   -2.60379000e-10
   19.00000  19.54575   -4.38192000e-09   -1.73150000e-10
   19.00000  19.81350   -2.94161000e-09   -1.15238000e-10
   19.00000  20.08125   -1.97472000e-09   -7.67523000e-11
   20.00000   0.26746   -4.48669000e+01   -1.73338000e+00
   20.00000   0.53492   -4.47889000e+01   -1.73804000e+00
   20.00000   0.80238   -4.46732000e+01   -1.74617000e+00
   20.00000   1.06984   -4.45022000e+01   -1.76021000e+00
   20.00000   1.33730   -4.42498000e+01   -1.78426000e+00
   20.00000   1.60476   -4.38793000e+01   -1.82513000e+00
   20.00000   1.87222   -4.33391000e+01   -1.89392000e+00
   20.00000   2.13968   -4.25588000e+01   -2.00845000e+00
   20.00000   2.40714   -4.14477000e+01   -2.19620000e+00
   20.00000   2.67460   -3.98969000e+01   -2.49702000e+00
   20.00000   2.94206   -3.77913000e+01   -2.96238000e+00
   20.00000   3.20952   -3.50381000e+01   -3.64368000e+00
   20.00000   3.47698   -3.16092000e+01   -4.55781000e+00
   20.00000   3.74444   -2.75890000e+01   -5.62402000e+00
   20.00000   4.01190   -2.31963000e+01   -6.60439000e+00
   20.00000   4.27936   -1.87509000e+01   -7.14096000e+00
   20.00000   4.54682   -1.45882000e+01   -6.95512000e+00
   20.00000   4.81428   -1.09640000e+01   -6.06831000e+00
   20.00000   5.08174   -8.00341000e+00   -4.79022000e+00
   20.00000   5.34920   -5.70831000e+00   -3.48760000e+00
   20.00000   5.61666   -4.00025000e+00   -2.39245000e+00
   20.00000   5.88412   -2.76731000e+00   -1.57542000e+00
   20.00000   6.15158   -1.89681000e+00   -1.01003000e+00
   20.00000   6.41904   -1.29177000e+00   -6.36739000e-01
   20.00000   6.68650   -8.75810000e-01   -3.97309000e-01
   20.00000   6.95396   -5.91977000e-01   -2.46419000e-01
   20.00000   7.22142   -3.99297000e-01   -1.52321000e-01
   20.00000   7.48888   -2.68952000e-01   -9.39979000e-02
   20.00000   7.75634   -1.80983000e-01   -5.79714000e-02
   20.00000   8.02380   -1.21709000e-01   -3.57556000e-02
   20.00000   8.29126   -8.18129000e-02   -2.20651000e-02
   20.00000   8.55872   -5.49785000e-02   -1.36280000e-02
   20.00000   8.82618   -3.69385000e-02   -8.42601000e-03
   20.00000   9.09364   -2.48146000e-02   -5.21615000e-03
   20.00000   9.36110   -1.66686000e-02   -3.23354000e-03
   20.00000   9.62856   -1.11960000e-02   -2.00752000e-03
   20.00000   9.89602   -7.51988000e-03   -1.24838000e-03
   20.00000  10.16348   -5.05064000e-03   -7.77644000e-04
   20.00000  10.43094   -3.39214000e-03   -4.85297000e-04
   20.00000  10.69840   -2.27823000e-03   -3.03436000e-04
   20.00000  10.96586   -1.53009000e-03   -1.90107000e-04
   20.00000  11.23332   -1.02762000e-03   -1.19354000e-04
   20.00000  11.50078   -6.90157000e-04   -7.50963000e-05
   20.00000  11.76824   -4.63513000e-04   -4.73556000e-05
   20.00000  12.03570   -3.11297000e-04   -2.99312000e-05
   20.00000  12.30316   -2.09068000e-04   -1.89625000e-05
   20.00000  12.57062   -1.40411000e-04   -1.20423000e-05
   20.00000  12.83808   -9.43004000e-05   -7.66611000e-06
   20.00000  13.10554   -6.33323000e-05   -4.89218000e-06
   20.00000  13.37300   -4.25341000e-05   -3.12964000e-06
   20.00000  13.64046   -2.85660000e-05   -2.00701000e-06
   20.00000  13.90792   -1.91850000e-05   -1.29021000e-06
   20.00000  14.17538   -1.28847000e-05   -8.31412000e-07
   20.00000  14.44284   -8.65338000e-06   -5.37029000e-07
   20.00000  14.71030   -5.81163000e-06   -3.47684000e-07
   20.00000  14.97776   -3.90310000e-06   -2.25607000e-07
   20.00000  15.24522   -2.62133000e-06   -1.46714000e-07
   20.00000  15.51268   -1.76049000e-06   -9.56109000e-08
   20.00000  15.78014   -1.18235000e-06   -6.24349000e-08
   20.00000  16.04760   -7.94067000e-07   -4.08502000e-08
   20.00000  16.31506   -5.33297000e-07   -2.67774000e-08
   20.00000  16.58252   -3.58163000e-07   -1.75837000e-08
   20.00000  16.84998   -2.40543000e-07   -1.15659000e-08
   20.00000  17.11744   -1.61549000e-07   -7.61971000e-09
   20.00000  17.38490   -1.08497000e-07   -5.02739000e-09
   20.00000  17.65236   -7.28666000e-08   -3.32164000e-09
   20.00000  17.91982   -4.89374000e-08   -2.19751000e-09
   20.00000  18.18728   -3.28664000e-08   -1.45559000e-09
   20.00000  18.45474   -2.20732000e-08   -9.65257000e-10
   20.00000  18.72220   -1.48244000e-08   -6.40773000e-10
   20.00000  18.98966   -9.95608000e-09   -4.25785000e-10
   20.00000  19.25712   -6.68652000e-09   -2.83184000e-10
   20.00000  19.52458   -4.49068000e-09   -1.88500000e-10
   20.00000  19.79204   -3.01595000e-09   -1.25571000e-10
   20.00000  20.05950   -2.02552000e-09   -8.37097000e-11
