# TALYS total OMP: n + ar40
# KD03 global (localomp n)
# l.s = 1.0
# Columns:  E(MeV)  r(fm)  Re(U)(MeV)  Im(U)(MeV)
    1.00000   0.26781   -5.14880650e+01   -2.78991996e-01
    1.00000   0.53562   -5.14365740e+01   -2.84906802e-01
    1.00000   0.80343   -5.12974550e+01   -2.94878569e-01
    1.00000   1.07124   -5.10759590e+01   -3.11390100e-01
    1.00000   1.33905   -5.07451820e+01   -3.38606047e-01
    1.00000   1.60686   -5.02609670e+01   -3.83298716e-01
    1.00000   1.87467   -4.95617270e+01   -4.56318801e-01
    1.00000   2.14248   -4.85663610e+01   -5.74695780e-01
    1.00000   2.41029   -4.71750770e+01   -7.64242180e-01
    1.00000   2.67810   -4.52759890e+01   -1.06175812e+00
    1.00000   2.94591   -4.27606070e+01   -1.51397252e+00
    1.00000   3.21372   -3.95485980e+01   -2.16674929e+00
    1.00000   3.48153   -3.56239080e+01   -3.03420995e+00
    1.00000   3.74934   -3.10777650e+01   -4.04367807e+00
    1.00000   4.01715   -2.61372150e+01   -4.98502817e+00
    1.00000   4.28496   -2.11426140e+01   -5.54546129e+00
    1.00000   4.55277   -1.64611110e+01   -5.48357907e+00
    1.00000   4.82058   -1.23794260e+01   -4.81726776e+00
    1.00000   5.08839   -9.04087200e+00   -3.80964099e+00
    1.00000   5.35620   -6.45037300e+00   -2.77038394e+00
    1.00000   5.62401   -4.52122920e+00   -1.89463178e+00
    1.00000   5.89182   -3.12811390e+00   -1.24220274e+00
    1.00000   6.15963   -2.14424920e+00   -7.92204525e-01
    1.00000   6.42744   -1.46028548e+00   -4.96390609e-01
    1.00000   6.69525   -9.90016090e-01   -3.07636458e-01
    1.00000   6.96306   -6.69112670e-01   -1.89376854e-01
    1.00000   7.23087   -4.51269660e-01   -1.16105425e-01
    1.00000   7.49868   -3.03910290e-01   -7.10123260e-02
    1.00000   7.76649   -2.04469272e-01   -4.33731411e-02
    1.00000   8.03430   -1.37472903e-01   -2.64722537e-02
    1.00000   8.30211   -9.23861700e-02   -1.61516708e-02
    1.00000   8.56992   -6.20668850e-02   -9.85401435e-03
    1.00000   8.83773   -4.16886100e-02   -6.01242218e-03
    1.00000   9.10554   -2.79968517e-02   -3.66925013e-03
    1.00000   9.37335   -1.87999046e-02   -2.23992114e-03
    1.00000   9.64116   -1.26231822e-02   -1.36787863e-03
    1.00000   9.90897   -8.47530970e-03   -8.35683413e-04
    1.00000  10.17678   -5.69017839e-03   -5.10791229e-04
    1.00000  10.44459   -3.82017285e-03   -3.12373232e-04
    1.00000  10.71240   -2.56466474e-03   -1.91142052e-04
    1.00000  10.98021   -1.72174970e-03   -1.17034229e-04
    1.00000  11.24802   -1.15585038e-03   -7.17087618e-05
    1.00000  11.51583   -7.75941300e-04   -4.39702957e-05
    1.00000  11.78364   -5.20896108e-04   -2.69836870e-05
    1.00000  12.05145   -3.49679569e-04   -1.65741235e-05
    1.00000  12.31926   -2.34739647e-04   -1.01900738e-05
    1.00000  12.58707   -1.57579267e-04   -6.27152667e-06
    1.00000  12.85488   -1.05781587e-04   -3.86416182e-06
    1.00000  13.12269   -7.10093807e-05   -2.38373801e-06
    1.00000  13.39050   -4.76674103e-05   -1.47238590e-06
    1.00000  13.65831   -3.19981448e-05   -9.10718489e-07
    1.00000  13.92612   -2.14796203e-05   -5.64136319e-07
    1.00000  14.19393   -1.44187986e-05   -3.49994763e-07
    1.00000  14.46174   -9.67891452e-06   -2.17499943e-07
    1.00000  14.72955   -6.49717853e-06   -1.35399071e-07
    1.00000  14.99736   -4.36135404e-06   -8.44449347e-08
    1.00000  15.26517   -2.92763446e-06   -5.27678416e-08
    1.00000  15.53298   -1.96522376e-06   -3.30401609e-08
    1.00000  15.80079   -1.31918407e-06   -2.07313243e-08
    1.00000  16.06860   -8.85518005e-07   -1.30364647e-08
    1.00000  16.33641   -5.94414209e-07   -8.21609771e-09
    1.00000  16.60422   -3.99007401e-07   -5.19008851e-09
    1.00000  16.87203   -2.67836994e-07   -3.28630659e-09
    1.00000  17.13984   -1.79788607e-07   -2.08585666e-09
    1.00000  17.40765   -1.20684238e-07   -1.32714295e-09
    1.00000  17.67546   -8.10101346e-08   -8.46475632e-10
    1.00000  17.94327   -5.43785352e-08   -5.41227550e-10
    1.00000  18.21108   -3.65019009e-08   -3.46904866e-10
    1.00000  18.47889   -2.45020442e-08   -2.22894183e-10
    1.00000  18.74670   -1.64471356e-08   -1.43560001e-10
    1.00000  19.01451   -1.10402316e-08   -9.26827842e-11
    1.00000  19.28232   -7.41077506e-09   -5.99750459e-11
    1.00000  19.55013   -4.97450541e-09   -3.88976201e-11
    1.00000  19.81794   -3.33914987e-09   -2.52829777e-11
    1.00000  20.08575   -2.24141298e-09   -1.64684754e-11
    1.00000  20.35356   -1.50454891e-09   -1.07488233e-11
    1.00000  20.62137   -1.00992901e-09   -7.02941537e-12
    1.00000  20.88918   -6.77916683e-10   -4.60557638e-12
    1.00000  21.15699   -4.55052294e-10   -3.02284434e-12
    1.00000   0.00000    0.00000000e+00    0.00000000e+00
    1.00000   0.00000    0.00000000e+00    0.00000000e+00
    2.00000   0.26820   -5.11121130e+01   -3.28464818e-01
    2.00000   0.53640   -5.10607500e+01   -3.34707266e-01
    2.00000   0.80460   -5.09221630e+01   -3.45271046e-01
    2.00000   1.07280   -5.07014490e+01   -3.62796505e-01
    2.00000   1.34100   -5.03715700e+01   -3.91724006e-01
    2.00000   1.60920   -4.98885570e+01   -4.39287515e-01
    2.00000   1.87740   -4.91908290e+01   -5.17088600e-01
    2.00000   2.14560   -4.81972190e+01   -6.43352540e-01
    2.00000   2.41380   -4.68082180e+01   -8.45711840e-01
    2.00000   2.68200   -4.49121680e+01   -1.16355305e+00
    2.00000   2.95020   -4.24012930e+01   -1.64683373e+00
    2.00000   3.21840   -3.91960980e+01   -2.34424969e+00
    2.00000   3.48660   -3.52822030e+01   -3.26987616e+00
    2.00000   3.75480   -3.07527900e+01   -4.34379260e+00
    2.00000   4.02300   -2.58366760e+01   -5.33865836e+00
    2.00000   4.29120   -2.08749400e+01   -5.91978951e+00
    2.00000   4.55940   -1.62326460e+01   -5.83400650e+00
    2.00000   4.82760   -1.21926830e+01   -5.10814781e+00
    2.00000   5.09580   -8.89425390e+00   -4.02759543e+00
    2.00000   5.36400   -6.33905480e+00   -2.92150165e+00
    2.00000   5.63220   -4.43894340e+00   -1.99394887e+00
    2.00000   5.90040   -3.06851440e+00   -1.30524321e+00
    2.00000   6.16860   -2.10172340e+00   -8.31364920e-01
    2.00000   6.43680   -1.43027237e+00   -5.20404507e-01
    2.00000   6.70500   -9.68997400e-01   -3.22250833e-01
    2.00000   6.97320   -6.54476420e-01   -1.98232301e-01
    2.00000   7.24140   -4.41118850e-01   -1.21458307e-01
    2.00000   7.50960   -2.96891050e-01   -7.42453644e-02
    2.00000   7.77780   -1.99625044e-01   -4.53249699e-02
    2.00000   8.04600   -1.34135743e-01   -2.76508547e-02
    2.00000   8.31420   -9.00906390e-02   -1.68636938e-02
    2.00000   8.58240   -6.04891980e-02   -1.02845497e-02
    2.00000   8.85060   -4.06052840e-02   -6.27294836e-03
    2.00000   9.11880   -2.72534291e-02   -3.82708846e-03
    2.00000   9.38700   -1.82900900e-02   -2.33566854e-03
    2.00000   9.65520   -1.22737308e-02   -1.42603932e-03
    2.00000   9.92340   -8.23594270e-03   -8.71077987e-04
    2.00000  10.19160   -5.52627725e-03   -5.32366275e-04
    2.00000  10.45980   -3.70799173e-03   -3.25548723e-04
    2.00000  10.72800   -2.48791414e-03   -1.99205587e-04
    2.00000  10.99620   -1.66925519e-03   -1.21980175e-04
    2.00000  11.26440   -1.11996812e-03   -7.47498458e-05
    2.00000  11.53260   -7.51419497e-04   -4.58448562e-05
    2.00000  11.80080   -5.04144210e-04   -2.81424096e-05
    2.00000  12.06900   -3.38238655e-04   -1.72923610e-05
    2.00000  12.33720   -2.26927294e-04   -1.06366588e-05
    2.00000  12.60540   -1.52247107e-04   -6.55006926e-06
    2.00000  12.87360   -1.02143651e-04   -4.03844435e-06
    2.00000  13.14180   -6.85277199e-05   -2.49315815e-06
    2.00000  13.41000   -4.59749380e-05   -1.54130837e-06
    2.00000  13.67820   -3.08443221e-05   -9.54275214e-07
    2.00000  13.94640   -2.06931125e-05   -5.91758106e-07
    2.00000  14.21460   -1.38828103e-05   -3.67570730e-07
    2.00000  14.48280   -9.31376193e-06   -2.28720783e-07
    2.00000  14.75100   -6.24845357e-06   -1.42586213e-07
    2.00000  15.01920   -4.19197325e-06   -8.90628429e-08
    2.00000  15.28740   -2.81231463e-06   -5.57442812e-08
    2.00000  15.55560   -1.88671555e-06   -3.49641339e-08
    2.00000  15.82380   -1.26575421e-06   -2.19785938e-08
    2.00000  16.09200   -8.49166767e-07   -1.38470699e-08
    2.00000  16.36020   -5.69684296e-07   -8.74429312e-09
    2.00000  16.62840   -3.82186525e-07   -5.53505917e-09
    2.00000  16.89660   -2.56398242e-07   -3.51211186e-09
    2.00000  17.16480   -1.72010665e-07   -2.23395237e-09
    2.00000  17.43300   -1.15396543e-07   -1.42446272e-09
    2.00000  17.70120   -7.74162614e-08   -9.10533711e-10
    2.00000  17.96940   -5.19361593e-08   -5.83458332e-10
    2.00000  18.23760   -3.48423331e-08   -3.74786220e-10
    2.00000  18.50580   -2.33746548e-08   -2.41326648e-10
    2.00000  18.77400   -1.56812691e-08   -1.55758913e-10
    2.00000  19.04220   -1.05200163e-08   -1.00764952e-10
    2.00000  19.31040   -7.05753873e-09   -6.53349994e-11
    2.00000  19.57860   -4.73465944e-09   -4.24552403e-11
    2.00000  19.84680   -3.17632144e-09   -2.76461149e-11
    2.00000  20.11500   -2.13088666e-09   -1.80391608e-11
    2.00000  20.38320   -1.42953758e-09   -1.17934766e-11
    2.00000  20.65140   -9.59023515e-10   -7.72456855e-12
    2.00000  20.91960   -6.43374171e-10   -5.06836707e-12
    3.00000   0.26985   -5.07383090e+01   -3.81596896e-01
    3.00000   0.53970   -5.06860880e+01   -3.88149994e-01
    3.00000   0.80955   -5.05464420e+01   -3.99309179e-01
    3.00000   1.07940   -5.03239420e+01   -4.17897987e-01
    3.00000   1.34925   -4.99907410e+01   -4.48698678e-01
    3.00000   1.61910   -4.95019070e+01   -4.99524138e-01
    3.00000   1.88895   -4.87945630e+01   -5.82943900e-01
    3.00000   2.15880   -4.77858940e+01   -7.18739530e-01
    3.00000   2.42865   -4.63743260e+01   -9.36933930e-01
    3.00000   2.69850   -4.44471550e+01   -1.28025097e+00
    3.00000   2.96835   -4.18958830e+01   -1.80242426e+00
    3.00000   3.23820   -3.86437710e+01   -2.55440696e+00
    3.00000   3.50805   -3.46824620e+01   -3.54637121e+00
    3.00000   3.77790   -3.01161120e+01   -4.68209902e+00
    3.00000   4.04775   -2.51874510e+01   -5.70532998e+00
    3.00000   4.31760   -2.02474710e+01   -6.25630606e+00
    3.00000   4.58745   -1.56615340e+01   -6.08646418e+00
    3.00000   4.85730   -1.17025890e+01   -5.25881215e+00
    3.00000   5.12715   -8.49500610e+00   -4.09571836e+00
    3.00000   5.39700   -6.02734970e+00   -2.93986134e+00
    3.00000   5.66685   -4.20352540e+00   -1.98935055e+00
    3.00000   5.93670   -2.89507830e+00   -1.29330012e+00
    3.00000   6.20655   -1.97625030e+00   -8.19166989e-01
    3.00000   6.47640   -1.34069111e+00   -5.10390904e-01
    3.00000   6.74625   -9.05636610e-01   -3.14788243e-01
    3.00000   7.01610   -6.09969710e-01   -1.92954131e-01
    3.00000   7.28595   -4.10011230e-01   -1.17838795e-01
    3.00000   7.55580   -2.75228640e-01   -7.18126517e-02
    3.00000   7.82565   -1.84583160e-01   -4.37121388e-02
    3.00000   8.09550   -1.23713528e-01   -2.65919540e-02
    3.00000   8.36535   -8.28813460e-02   -1.61737521e-02
    3.00000   8.63520   -5.55096860e-02   -9.83753390e-03
    3.00000   8.90505   -3.71699318e-02   -5.98477841e-03
    3.00000   9.17490   -2.48858959e-02   -3.64204020e-03
    3.00000   9.44475   -1.66599045e-02   -2.21725539e-03
    3.00000   9.71460   -1.11521954e-02   -1.35049332e-03
    3.00000   9.98445   -7.46493740e-03   -8.23005312e-04
    3.00000  10.25430   -4.99660265e-03   -5.01849623e-04
    3.00000  10.52415   -3.34434554e-03   -3.06218502e-04
    3.00000  10.79400   -2.23840033e-03   -1.86984035e-04
    3.00000  11.06385   -1.49815478e-03   -1.14266432e-04
    3.00000  11.33370   -1.00269867e-03   -6.98888920e-05
    3.00000  11.60355   -6.71083401e-04   -4.27860389e-05
    3.00000  11.87340   -4.49138484e-04   -2.62200560e-05
    3.00000  12.14325   -3.00593858e-04   -1.60856867e-05
    3.00000  12.41310   -2.01175634e-04   -9.87990290e-06
    3.00000  12.68295   -1.34638409e-04   -6.07594684e-06
    3.00000  12.95280   -9.01073013e-05   -3.74162834e-06
    3.00000  13.22265   -6.03043511e-05   -2.30746018e-06
    3.00000  13.49250   -4.03585253e-05   -1.42519936e-06
    3.00000  13.76235   -2.70096993e-05   -8.81707653e-07
    3.00000  14.03220   -1.80760706e-05   -5.46418273e-07
    3.00000  14.30205   -1.20972234e-05   -3.39247767e-07
    3.00000  14.57190   -8.09589657e-06   -2.11028765e-07
    3.00000  14.84175   -5.41805970e-06   -1.31534175e-07
    3.00000  15.11160   -3.62594572e-06   -8.21572037e-08
    3.00000  15.38145   -2.42660349e-06   -5.14276468e-08
    3.00000  15.65130   -1.62395880e-06   -3.22644062e-08
    3.00000  15.92115   -1.08679593e-06   -2.02888727e-08
    3.00000  16.19100   -7.27314178e-07   -1.27885544e-08
    3.00000  16.46085   -4.86738053e-07   -8.08051191e-09
    3.00000  16.73070   -3.25737737e-07   -5.11825124e-09
    3.00000  17.00055   -2.17991775e-07   -3.24999633e-09
    3.00000  17.27040   -1.45884969e-07   -2.06883855e-09
    3.00000  17.54025   -9.76295686e-08   -1.32025011e-09
    3.00000  17.81010   -6.53358914e-08   -8.44618939e-10
    3.00000  18.07995   -4.37241151e-08   -5.41670137e-10
    3.00000  18.34980   -2.92611085e-08   -3.48225418e-10
    3.00000  18.61965   -1.95820993e-08   -2.24397112e-10
    3.00000  18.88950   -1.31047407e-08   -1.44937557e-10
    3.00000  19.15935   -8.76991495e-09   -9.38257157e-11
    3.00000  19.42920   -5.86898793e-09   -6.08708433e-11
    3.00000  19.69905   -3.92762929e-09   -3.95737374e-11
    3.00000  19.96890   -2.62843736e-09   -2.57796473e-11
    3.00000  20.23875   -1.75899476e-09   -1.68260165e-11
    3.00000  20.50860   -1.17714805e-09   -1.10021475e-11
    3.00000  20.77845   -7.87766814e-10   -7.20656958e-12
    3.00000   0.00000    0.00000000e+00    0.00000000e+00
    4.00000   0.26853   -5.03663400e+01   -4.38213856e-01
    4.00000   0.53706   -5.03157690e+01   -4.44872807e-01
    4.00000   0.80559   -5.01787510e+01   -4.56232152e-01
    4.00000   1.07412   -4.99604290e+01   -4.75137141e-01
    4.00000   1.34265   -4.96339260e+01   -5.06414191e-01
    4.00000   1.61118   -4.91558680e+01   -5.57943720e-01
    4.00000   1.87971   -4.84648870e+01   -6.42385250e-01
    4.00000   2.14824   -4.74807450e+01   -7.79644680e-01
    4.00000   2.41677   -4.61047780e+01   -9.99936990e-01
    4.00000   2.68530   -4.42267750e+01   -1.34634710e+00
    4.00000   2.95383   -4.17401450e+01   -1.87344036e+00
    4.00000   3.22236   -3.85674210e+01   -2.63418923e+00
    4.00000   3.49089   -3.46954690e+01   -3.64296426e+00
    4.00000   3.75942   -3.02184320e+01   -4.81016698e+00
    4.00000   4.02795   -2.53647650e+01   -5.88441936e+00
    4.00000   4.29648   -2.04728000e+01   -6.49914109e+00
    4.00000   4.56501   -1.59030550e+01   -6.38200298e+00
    4.00000   4.83354   -1.19325800e+01   -5.56998911e+00
    4.00000   5.10207   -8.69592240e+00   -4.37968809e+00
    4.00000   5.37060   -6.19205850e+00   -3.16990583e+00
    4.00000   5.63913   -4.33244070e+00   -2.15983854e+00
    4.00000   5.90766   -2.99266020e+00   -1.41206758e+00
    4.00000   6.17619   -2.04836730e+00   -8.98574826e-01
    4.00000   6.44472   -1.39308017e+00   -5.62098612e-01
    4.00000   6.71325   -9.43236720e-01   -3.47899390e-01
    4.00000   6.98178   -6.36716450e-01   -2.13935694e-01
    4.00000   7.25031   -4.28913780e-01   -1.31048379e-01
    4.00000   7.51884   -2.88522740e-01   -8.00950312e-02
    4.00000   7.78737   -1.93897292e-01   -4.88924449e-02
    4.00000   8.05590   -1.30219819e-01   -2.98271293e-02
    4.00000   8.32443   -8.74158180e-02   -1.81923847e-02
    4.00000   8.59296   -5.86635570e-02   -1.10964282e-02
    4.00000   8.86149   -3.93598740e-02   -6.76971798e-03
    4.00000   9.13002   -2.64043078e-02   -4.13145584e-03
    4.00000   9.39855   -1.77113712e-02   -2.52243999e-03
    4.00000   9.66708   -1.18793738e-02   -1.54084484e-03
    4.00000   9.93561   -7.96736010e-03   -9.41771710e-04
    4.00000  10.20414   -5.34339149e-03   -5.75982970e-04
    4.00000  10.47267   -3.58348701e-03   -3.52515705e-04
    4.00000  10.74120   -2.40318084e-03   -2.15915280e-04
    4.00000  11.00973   -1.61159872e-03   -1.32358457e-04
    4.00000  11.27826   -1.08074446e-03   -8.12105561e-05
    4.00000  11.54679   -7.24739711e-04   -4.98773284e-05
    4.00000  11.81532   -4.86001632e-04   -3.06658494e-05
    4.00000  12.08385   -3.25903275e-04   -1.88756952e-05
    4.00000  12.35238   -2.18542625e-04   -1.16328658e-05
    4.00000  12.62091   -1.46548732e-04   -7.17866756e-06
    4.00000  12.88944   -9.82709701e-05   -4.43621390e-06
    4.00000  13.15797   -6.58969628e-05   -2.74557749e-06
    4.00000  13.42650   -4.41879016e-05   -1.70194899e-06
    4.00000  13.69503   -2.96305569e-05   -1.05681022e-06
    4.00000  13.96356   -1.98689766e-05   -6.57385910e-07
    4.00000  14.23209   -1.33232035e-05   -4.09694063e-07
    4.00000  14.50062   -8.93387713e-06   -2.55831340e-07
    4.00000  14.76915   -5.99060060e-06   -1.60081046e-07
    4.00000  15.03768   -4.01697720e-06   -1.00381505e-07
    4.00000  15.30621   -2.69357138e-06   -6.30852772e-08
    4.00000  15.57474   -1.80615510e-06   -3.97366158e-08
    4.00000  15.84327   -1.21110289e-06   -2.50882183e-08
    4.00000  16.11180   -8.12094576e-07   -1.58775342e-08
    4.00000  16.38033   -5.44541763e-07   -1.00728077e-08
    4.00000  16.64886   -3.65136247e-07   -6.40594171e-09
    4.00000  16.91739   -2.44838228e-07   -4.08401575e-09
    4.00000  17.18592   -1.64172554e-07   -2.61015219e-09
    4.00000  17.45445   -1.10083737e-07   -1.67229755e-09
    4.00000  17.72298   -7.38150173e-08   -1.07403719e-09
    4.00000  17.99151   -4.94955376e-08   -6.91472987e-10
    4.00000  18.26004   -3.31884357e-08   -4.46229243e-10
    4.00000  18.52857   -2.22539463e-08   -2.88632406e-10
    4.00000  18.79710   -1.49219903e-08   -1.87115259e-10
    4.00000  19.06563   -1.00056929e-08   -1.21568416e-10
    4.00000  19.33416   -6.70910726e-09   -7.91491135e-11
    4.00000  19.60269   -4.49866016e-09   -5.16354111e-11
    4.00000  19.87122   -3.01649088e-09   -3.37510714e-11
    4.00000  20.13975   -2.02264897e-09   -2.21016836e-11
    4.00000  20.40828   -1.35624537e-09   -1.44985157e-11
    4.00000  20.67681   -9.09402447e-10   -9.52659551e-12
    4.00000   0.00000    0.00000000e+00    0.00000000e+00
    5.00000   0.26750   -4.99965670e+01   -4.98282260e-01
    5.00000   0.53500   -4.99473610e+01   -5.04992406e-01
    5.00000   0.80250   -4.98125020e+01   -5.16473109e-01
    5.00000   1.07000   -4.95977730e+01   -5.35573228e-01
    5.00000   1.33750   -4.92770450e+01   -5.67145212e-01
    5.00000   1.60500   -4.88077910e+01   -6.19107050e-01
    5.00000   1.87250   -4.81304560e+01   -7.04168340e-01
    5.00000   2.14000   -4.71667070e+01   -8.42301270e-01
    5.00000   2.40750   -4.58201830e+01   -1.06383070e+00
    5.00000   2.67500   -4.39829210e+01   -1.41204899e+00
    5.00000   2.94250   -4.15500850e+01   -1.94212534e+00
    5.00000   3.21000   -3.84435760e+01   -2.70850159e+00
    5.00000   3.47750   -3.46471200e+01   -3.72882619e+00
    5.00000   3.74500   -3.02470700e+01   -4.91884047e+00
    5.00000   4.01250   -2.54605980e+01   -6.03158957e+00
    5.00000   4.28000   -2.06154520e+01   -6.69617197e+00
    5.00000   4.54750   -1.60671100e+01   -6.62210316e+00
    5.00000   4.81500   -1.20953920e+01   -5.82486386e+00
    5.00000   5.08250   -8.84190340e+00   -4.61466300e+00
    5.00000   5.35000   -6.31394360e+00   -3.36211366e+00
    5.00000   5.61750   -4.42912220e+00   -2.30346866e+00
    5.00000   5.88500   -3.06658780e+00   -1.51281639e+00
    5.00000   6.15250   -2.10345130e+00   -9.66319511e-01
    5.00000   6.42000   -1.43337586e+00   -6.06423850e-01
    5.00000   6.68750   -9.72320370e-01   -3.76403869e-01
    5.00000   6.95500   -6.57508460e-01   -2.32068463e-01
    5.00000   7.22250   -4.43674850e-01   -1.42505093e-01
    5.00000   7.49000   -2.98946320e-01   -8.73041914e-02
    5.00000   7.75750   -2.01228875e-01   -5.34171015e-02
    5.00000   8.02500   -1.35360403e-01   -3.26626363e-02
    5.00000   8.29250   -9.10100060e-02   -1.99677372e-02
    5.00000   8.56000   -6.11715030e-02   -1.22075849e-02
    5.00000   8.82750   -4.11068160e-02   -7.46501535e-03
    5.00000   9.09500   -2.76191337e-02   -4.56656639e-03
    5.00000   9.36250   -1.85549475e-02   -2.79478767e-03
    5.00000   9.63000   -1.24645713e-02   -1.71136830e-03
    5.00000   9.89750   -8.37276260e-03   -1.04857933e-03
    5.00000  10.16500   -5.62397540e-03   -6.42924087e-04
    5.00000  10.43250   -3.77748675e-03   -3.94496394e-04
    5.00000  10.70000   -2.53719035e-03   -2.42259832e-04
    5.00000  10.96750   -1.70410332e-03   -1.48904675e-04
    5.00000  11.23500   -1.14453944e-03   -9.16120425e-05
    5.00000  11.50250   -7.68707027e-04   -5.64222954e-05
    5.00000  11.77000   -5.16281291e-04   -3.47885918e-05
    5.00000  12.03750   -3.46742390e-04   -2.14757347e-05
    5.00000  12.30500   -2.32876555e-04   -1.32745784e-05
    5.00000  12.57250   -1.56400894e-04   -8.21664069e-06
    5.00000  12.84000   -1.05039688e-04   -5.09341733e-06
    5.00000  13.10750   -7.05444932e-05   -3.16231979e-06
    5.00000  13.37500   -4.73774272e-05   -1.96663178e-06
    5.00000  13.64250   -3.18182953e-05   -1.22519079e-06
    5.00000  13.91000   -2.13688581e-05   -7.64691819e-07
    5.00000  14.17750   -1.43510933e-05   -4.78200167e-07
    5.00000  14.44500   -9.63797621e-06   -2.99648428e-07
    5.00000  14.71250   -6.47270429e-06   -1.88160241e-07
    5.00000  14.98000   -4.34695541e-06   -1.18410512e-07
    5.00000  15.24750   -2.91932595e-06   -7.46843388e-08
    5.00000  15.51500   -1.96055181e-06   -4.72140089e-08
    5.00000  15.78250   -1.31666636e-06   -2.99182169e-08
    5.00000  16.05000   -8.84240031e-07   -1.90039478e-08
    5.00000  16.31750   -5.93833003e-07   -1.21005050e-08
    5.00000  16.58500   -3.98802336e-07   -7.72377580e-09
    5.00000  16.85250   -2.67824666e-07   -4.94219384e-09
    5.00000  17.12000   -1.79863752e-07   -3.17009134e-09
    5.00000  17.38750   -1.20790688e-07   -2.03835849e-09
    5.00000  17.65500   -8.11194815e-08   -1.31380667e-09
    5.00000  17.92250   -5.44773084e-08   -8.48798257e-10
    5.00000  18.19000   -3.65852553e-08   -5.49644972e-10
    5.00000  18.45750   -2.45694508e-08   -3.56727275e-10
    5.00000  18.72500   -1.64999757e-08   -2.32027327e-10
    5.00000  18.99250   -1.10808932e-08   -1.51236349e-10
    5.00000  19.26000   -7.44152042e-09   -9.87758321e-11
    5.00000  19.52750   -4.99746962e-09   -6.46380793e-11
    5.00000  19.79500   -3.35612975e-09   -4.23769558e-11
    5.00000  20.06250   -2.25385650e-09   -2.78312889e-11
    5.00000  20.33000   -1.51360476e-09   -1.83088083e-11
    5.00000  20.59750   -1.01648636e-09   -1.20634070e-11
    5.00000   0.00000    0.00000000e+00    0.00000000e+00
    6.00000   0.27015   -4.96292040e+01   -5.61764914e-01
    6.00000   0.54030   -4.95782440e+01   -5.68645529e-01
    6.00000   0.81045   -4.94412030e+01   -5.80526191e-01
    6.00000   1.08060   -4.92227050e+01   -6.00417905e-01
    6.00000   1.35075   -4.88954550e+01   -6.33495160e-01
    6.00000   1.62090   -4.84151270e+01   -6.88240340e-01
    6.00000   1.89105   -4.77198610e+01   -7.78329250e-01
    6.00000   2.16120   -4.67282700e+01   -9.25328600e-01
    6.00000   2.43135   -4.53407890e+01   -1.16201876e+00
    6.00000   2.70150   -4.34465800e+01   -1.53507268e+00
    6.00000   2.97165   -4.09399040e+01   -2.10320040e+00
    6.00000   3.24180   -3.77461250e+01   -2.92181504e+00
    6.00000   3.51195   -3.38582000e+01   -4.00099606e+00
    6.00000   3.78210   -2.93803510e+01   -5.23322853e+00
    6.00000   4.05225   -2.45521240e+01   -6.33519824e+00
    6.00000   4.32240   -1.97189020e+01   -6.91261299e+00
    6.00000   4.59255   -1.52384560e+01   -6.69813213e+00
    6.00000   4.86270   -1.13759720e+01   -5.76845136e+00
    6.00000   5.13285   -8.25073880e+00   -4.48106270e+00
    6.00000   5.40300   -5.84938440e+00   -3.21023373e+00
    6.00000   5.67315   -4.07647410e+00   -2.16932365e+00
    6.00000   5.94330   -2.80573470e+00   -1.40900877e+00
    6.00000   6.21345   -1.91412400e+00   -8.91951579e-01
    6.00000   6.48360   -1.29782325e+00   -5.55571278e-01
    6.00000   6.75375   -8.76220600e-01   -3.42617998e-01
    6.00000   7.02390   -5.89863170e-01   -2.10023464e-01
    6.00000   7.29405   -3.96304070e-01   -1.28289046e-01
    6.00000   7.56420   -2.65903050e-01   -7.82048343e-02
    6.00000   7.83435   -1.78246104e-01   -4.76232493e-02
    6.00000   8.10450   -1.19412335e-01   -2.89868937e-02
    6.00000   8.37465   -7.99633080e-02   -1.76419046e-02
    6.00000   8.64480   -5.35311800e-02   -1.07388610e-02
    6.00000   8.91495   -3.58290996e-02   -6.53905822e-03
    6.00000   9.18510   -2.39775873e-02   -3.98352435e-03
    6.00000   9.45525   -1.60446241e-02   -2.42805934e-03
    6.00000   9.72540   -1.07355955e-02   -1.48090261e-03
    6.00000   9.99555   -7.18285550e-03   -9.03862468e-04
    6.00000  10.26570   -4.80566683e-03   -5.52101487e-04
    6.00000  10.53585   -3.21511723e-03   -3.37527655e-04
    6.00000  10.80600   -2.15094789e-03   -2.06540675e-04
    6.00000  11.07615   -1.43898220e-03   -1.26514909e-04
    6.00000  11.34630   -9.62668940e-04   -7.75811367e-05
    6.00000  11.61645   -6.44008907e-04   -4.76301627e-05
    6.00000  11.88660   -4.30826114e-04   -2.92792736e-05
    6.00000  12.15675   -2.88210294e-04   -1.80229919e-05
    6.00000  12.42690   -1.92802185e-04   -1.11103852e-05
    6.00000  12.69705   -1.28977523e-04   -6.85960999e-06
    6.00000  12.96720   -8.62801853e-05   -4.24214786e-06
    6.00000  13.23735   -5.77173744e-05   -2.62801416e-06
    6.00000  13.50750   -3.86100454e-05   -1.63105517e-06
    6.00000  13.77765   -2.58281405e-05   -1.01425004e-06
    6.00000  14.04780   -1.72775737e-05   -6.31976865e-07
    6.00000  14.31795   -1.15576768e-05   -3.94613675e-07
    6.00000  14.58810   -7.73140600e-06   -2.46940530e-07
    6.00000  14.85825   -5.17182999e-06   -1.54880372e-07
    6.00000  15.12840   -3.45962881e-06   -9.73663087e-08
    6.00000  15.39855   -2.31426319e-06   -6.13560641e-08
    6.00000  15.66870   -1.54808379e-06   -3.87580106e-08
    6.00000  15.93885   -1.03556166e-06   -2.45434966e-08
    6.00000  16.20900   -6.92721082e-07   -1.55809421e-08
    6.00000  16.47915   -4.63381289e-07   -9.91598288e-09
    6.00000  16.74930   -3.09968664e-07   -6.32650105e-09
    6.00000  17.01945   -2.07346249e-07   -4.04641950e-09
    6.00000  17.28960   -1.38699527e-07   -2.59445651e-09
    6.00000  17.55975   -9.27797500e-08   -1.66753617e-09
    6.00000  17.82990   -6.20626097e-08   -1.07432238e-09
    6.00000  18.10005   -4.15152047e-08   -6.93745106e-10
    6.00000  18.37020   -2.77704541e-08   -4.48995115e-10
    6.00000  18.64035   -1.85762541e-08   -2.91223529e-10
    6.00000  18.91050   -1.24260383e-08   -1.89286931e-10
    6.00000  19.18065   -8.31207644e-09   -1.23277818e-10
    6.00000  19.45080   -5.56011670e-09   -8.04415530e-11
    6.00000  19.72095   -3.71927373e-09   -5.25854537e-11
    6.00000  19.99110   -2.48790278e-09   -3.44349561e-11
    6.00000  20.26125   -1.66420448e-09   -2.25860337e-11
    6.00000  20.53140   -1.11321418e-09   -1.48369453e-11
    6.00000   0.00000    0.00000000e+00    0.00000000e+00
    6.00000   0.00000    0.00000000e+00    0.00000000e+00
    7.00000   0.26941   -4.92636340e+01   -6.28431540e-01
    7.00000   0.53882   -4.92138500e+01   -6.35267844e-01
    7.00000   0.80823   -4.90787010e+01   -6.47124666e-01
    7.00000   1.07764   -4.88631130e+01   -6.66986820e-01
    7.00000   1.34705   -4.85406230e+01   -7.00010680e-01
    7.00000   1.61646   -4.80676380e+01   -7.54648400e-01
    7.00000   1.88587   -4.73837100e+01   -8.44525000e-01
    7.00000   2.15528   -4.64087750e+01   -9.91121330e-01
    7.00000   2.42469   -4.50453410e+01   -1.22709485e+00
    7.00000   2.69410   -4.31845430e+01   -1.59904014e+00
    7.00000   2.96351   -4.07217550e+01   -2.16577536e+00
    7.00000   3.23292   -3.75821810e+01   -2.98362554e+00
    7.00000   3.50233   -3.37562900e+01   -4.06519773e+00
    7.00000   3.77174   -2.93421710e+01   -5.30766940e+00
    7.00000   4.04115   -2.45707920e+01   -6.43218334e+00
    7.00000   4.31056   -1.97793920e+01   -7.04218881e+00
    7.00000   4.57997   -1.53218470e+01   -6.85710057e+00
    7.00000   4.84938   -1.14651090e+01   -5.93771040e+00
    7.00000   5.11879   -8.33378180e+00   -4.63689969e+00
    7.00000   5.38820   -5.92021360e+00   -3.33728252e+00
    7.00000   5.65761   -4.13339540e+00   -2.26394418e+00
    7.00000   5.92702   -2.84962840e+00   -1.47519771e+00
    7.00000   6.19643   -1.94701380e+00   -9.36376284e-01
    7.00000   6.46584   -1.32198181e+00   -5.84608493e-01
    7.00000   6.73525   -8.93712630e-01   -3.61284440e-01
    7.00000   7.00466   -6.02397860e-01   -2.21900199e-01
    7.00000   7.27407   -4.05219090e-01   -1.35795730e-01
    7.00000   7.54348   -2.72206950e-01   -8.29324719e-02
    7.00000   7.81289   -1.82683922e-01   -5.05934890e-02
    7.00000   8.08230   -1.22524996e-01   -3.08504886e-02
    7.00000   8.35171   -8.21414830e-02   -1.88104485e-02
    7.00000   8.62112   -5.50514150e-02   -1.14714117e-02
    7.00000   8.89053   -3.68879926e-02   -6.99823150e-03
    7.00000   9.15994   -2.47138115e-02   -4.27143212e-03
    7.00000   9.42935   -1.65557554e-02   -2.60865513e-03
    7.00000   9.69876   -1.10899016e-02   -1.59424481e-03
    7.00000   9.96817   -7.42819580e-03   -9.75047246e-04
    7.00000  10.23758   -4.97532796e-03   -5.96842043e-04
    7.00000  10.50699   -3.33232456e-03   -3.65671972e-04
    7.00000  10.77640   -2.23183784e-03   -2.24261980e-04
    7.00000  11.04581   -1.49476081e-03   -1.37685965e-04
    7.00000  11.31522   -1.00108672e-03   -8.46303170e-05
    7.00000  11.58463   -6.70455235e-04   -5.20841600e-05
    7.00000  11.85404   -4.49016354e-04   -3.20971704e-05
    7.00000  12.12345   -3.00711979e-04   -1.98084016e-05
    7.00000  12.39286   -2.01388852e-04   -1.22431784e-05
    7.00000  12.66227   -1.34870979e-04   -7.57959051e-06
    7.00000  12.93168   -9.03227409e-05   -4.70046308e-06
    7.00000  13.20109   -6.04887498e-05   -2.92027113e-06
    7.00000  13.47050   -4.05088833e-05   -1.81773451e-06
    7.00000  13.73991   -2.71282879e-05   -1.13371837e-06
    7.00000  14.00932   -1.81675072e-05   -7.08576326e-07
    7.00000  14.27873   -1.21664547e-05   -4.43817841e-07
    7.00000  14.54814   -8.14766870e-06   -2.78609012e-07
    7.00000  14.81755   -5.45633073e-06   -1.75301177e-07
    7.00000  15.08696   -3.65399163e-06   -1.10561064e-07
    7.00000  15.35637   -2.44698532e-06   -6.98979628e-08
    7.00000  15.62578   -1.63869081e-06   -4.42985986e-08
    7.00000  15.89519   -1.09738444e-06   -2.81442276e-08
    7.00000  16.16460   -7.34888850e-07   -1.79253121e-08
    7.00000  16.43401   -4.92133378e-07   -1.14452421e-08
    7.00000  16.70342   -3.29566755e-07   -7.32587711e-09
    7.00000  16.97283   -2.20700874e-07   -4.70065598e-09
    7.00000  17.24224   -1.47796757e-07   -3.02347820e-09
    7.00000  17.51165   -9.89742962e-08   -1.94933232e-09
    7.00000  17.78106   -6.62796992e-08   -1.25970878e-09
    7.00000  18.05047   -4.43853016e-08   -8.15893398e-10
    7.00000  18.31988   -2.97232089e-08   -5.29591574e-10
    7.00000  18.58929   -1.99045722e-08   -3.44476583e-10
    7.00000  18.85870   -1.33293598e-08   -2.24518476e-10
    7.00000  19.12811   -8.92619344e-09   -1.46615415e-10
    7.00000  19.39752   -5.97753515e-09   -9.59187565e-11
    7.00000  19.66693   -4.00292843e-09   -6.28607840e-11
    7.00000  19.93634   -2.68060409e-09   -4.12637520e-11
    7.00000  20.20575   -1.79509632e-09   -2.71285825e-11
    7.00000  20.47516   -1.20211268e-09   -1.78615016e-11
    7.00000   0.00000    0.00000000e+00    0.00000000e+00
    7.00000   0.00000    0.00000000e+00    0.00000000e+00
    8.00000   0.26875   -4.89001940e+01   -6.98246360e-01
    8.00000   0.53750   -4.88513570e+01   -7.04996711e-01
    8.00000   0.80625   -4.87179800e+01   -7.16766833e-01
    8.00000   1.07500   -4.85052730e+01   -7.36500260e-01
    8.00000   1.34375   -4.81871010e+01   -7.69316160e-01
    8.00000   1.61250   -4.77210030e+01   -8.23604450e-01
    8.00000   1.88125   -4.70472390e+01   -9.12893420e-01
    8.00000   2.15000   -4.60876840e+01   -1.05850412e+00
    8.00000   2.41875   -4.47462460e+01   -1.29287093e+00
    8.00000   2.68750   -4.29158840e+01   -1.66233165e+00
    8.00000   2.95625   -4.04931390e+01   -2.22559780e+00
    8.00000   3.22500   -3.74034460e+01   -3.03956536e+00
    8.00000   3.49375   -3.36348960e+01   -4.11898827e+00
    8.00000   3.76250   -2.92803230e+01   -5.36544628e+00
    8.00000   4.03125   -2.45631490e+01   -6.50503993e+00
    8.00000   4.30000   -1.98131000e+01   -7.14078108e+00
    8.00000   4.56875   -1.53802270e+01   -6.98166081e+00
    8.00000   4.83750   -1.15327010e+01   -6.07409750e+00
    8.00000   5.10625   -8.39919930e+00   -4.76528202e+00
    8.00000   5.37500   -5.97733510e+00   -3.44372476e+00
    8.00000   5.64375   -4.18001180e+00   -2.34420689e+00
    8.00000   5.91250   -2.88598940e+00   -1.53188803e+00
    8.00000   6.18125   -1.97449630e+00   -9.74718851e-01
    8.00000   6.45000   -1.34229727e+00   -6.09831245e-01
    8.00000   6.71875   -9.08508550e-01   -3.77589217e-01
    8.00000   6.98750   -6.13051140e-01   -2.32325141e-01
    8.00000   7.25625   -4.12826730e-01   -1.42418543e-01
    8.00000   7.52500   -2.77606990e-01   -8.71214902e-02
    8.00000   7.79375   -1.86498332e-01   -5.32369792e-02
    8.00000   8.06250   -1.25210277e-01   -3.25164148e-02
    8.00000   8.33125   -8.40249690e-02   -1.98595120e-02
    8.00000   8.60000   -5.63695820e-02   -1.21318747e-02
    8.00000   8.86875   -3.78084800e-02   -7.41409244e-03
    8.00000   9.13750   -2.53553824e-02   -4.53334467e-03
    8.00000   9.40625   -1.70021407e-02   -2.77368393e-03
    8.00000   9.67500   -1.14001039e-02   -1.69828889e-03
    8.00000   9.94375   -7.64341620e-03   -1.04068420e-03
    8.00000  10.21250   -5.12447659e-03   -6.38290338e-04
    8.00000  10.48125   -3.43557530e-03   -3.91867753e-04
    8.00000  10.75000   -2.30323240e-03   -2.40835578e-04
    8.00000  11.01875   -1.54407856e-03   -1.48183205e-04
    8.00000  11.28750   -1.03512820e-03   -9.12873125e-05
    8.00000  11.55625   -6.93926116e-04   -5.63112299e-05
    8.00000  11.82500   -4.65187811e-04   -3.47850128e-05
    8.00000  12.09375   -3.11845047e-04   -2.15200401e-05
    8.00000  12.36250   -2.09048382e-04   -1.33347896e-05
    8.00000  12.63125   -1.40136973e-04   -8.27688243e-06
    8.00000  12.90000   -9.39408319e-05   -5.14663549e-06
    8.00000  13.16875   -6.29729343e-05   -3.20624264e-06
    8.00000  13.43750   -4.22135515e-05   -2.00136671e-06
    8.00000  13.70625   -2.82975165e-05   -1.25183851e-06
    8.00000  13.97500   -1.89688912e-05   -7.84694925e-07
    8.00000  14.24375   -1.27155641e-05   -4.92962726e-07
    8.00000  14.51250   -8.52365102e-06   -3.10397948e-07
    8.00000  14.78125   -5.71367368e-06   -1.95902268e-07
    8.00000  15.05000   -3.83005205e-06   -1.23936000e-07
    8.00000  15.31875   -2.56739218e-06   -7.85981761e-08
    8.00000  15.58750   -1.72099078e-06   -4.99681591e-08
    8.00000  15.85625   -1.15361906e-06   -3.18454043e-08
    8.00000  16.12500   -7.73301756e-07   -2.03459110e-08
    8.00000  16.39375   -5.18361174e-07   -1.30310296e-08
    8.00000  16.66250   -3.47469285e-07   -8.36644474e-09
    8.00000  16.93125   -2.32915772e-07   -5.38458980e-09
    8.00000  17.20000   -1.56128156e-07   -3.47370453e-09
    8.00000  17.46875   -1.04655747e-07   -2.24615141e-09
    8.00000  17.73750   -7.01524539e-08   -1.45567705e-09
    8.00000  18.00625   -4.70243389e-08   -9.45449867e-10
    8.00000  18.27500   -3.15211887e-08   -6.15354778e-10
    8.00000  18.54375   -2.11292059e-08   -4.01319109e-10
    8.00000  18.81250   -1.41631909e-08   -2.62237319e-10
    8.00000  19.08125   -9.49379638e-09   -1.71671203e-10
    8.00000  19.35000   -6.36382729e-09   -1.12579380e-10
    8.00000  19.61875   -4.26576541e-09   -7.39502902e-11
    8.00000  19.88750   -2.85939682e-09   -4.86514961e-11
    8.00000  20.15625   -1.91668903e-09   -3.20544617e-11
    8.00000  20.42500   -1.28478172e-09   -2.11483773e-11
    8.00000   0.00000    0.00000000e+00    0.00000000e+00
    8.00000   0.00000    0.00000000e+00    0.00000000e+00
    9.00000   0.26817   -4.85388760e+01   -7.71077100e-01
    9.00000   0.53634   -4.84909650e+01   -7.77703890e-01
    9.00000   0.80451   -4.83592430e+01   -7.89331430e-01
    9.00000   1.07268   -4.81491950e+01   -8.08850930e-01
    9.00000   1.34085   -4.78351090e+01   -8.41322200e-01
    9.00000   1.60902   -4.73752550e+01   -8.95050950e-01
    9.00000   1.87719   -4.67111980e+01   -9.83419830e-01
    9.00000   2.14536   -4.57658640e+01   -1.12753109e+00
    9.00000   2.41353   -4.44447800e+01   -1.35950593e+00
    9.00000   2.68170   -4.26425740e+01   -1.72526596e+00
    9.00000   2.94987   -4.02570850e+01   -2.28323639e+00
    9.00000   3.21804   -3.72136830e+01   -3.09059325e+00
    9.00000   3.48621   -3.34988130e+01   -4.16390662e+00
    9.00000   3.75438   -2.92006520e+01   -5.40897840e+00
    9.00000   4.02255   -2.45355340e+01   -6.55723752e+00
    9.00000   4.29072   -1.98262860e+01   -7.21287949e+00
    9.00000   4.55889   -1.54193870e+01   -7.07673269e+00
    9.00000   4.82706   -1.15834700e+01   -6.18223260e+00
    9.00000   5.09523   -8.45094700e+00   -4.86997964e+00
    9.00000   5.36340   -6.02379300e+00   -3.53230042e+00
    9.00000   5.63157   -4.21862050e+00   -2.41199179e+00
    9.00000   5.89974   -2.91647310e+00   -1.58028973e+00
    9.00000   6.16791   -1.99774220e+00   -1.00774028e+00
    9.00000   6.43608   -1.35961380e+00   -6.31712537e-01
    9.00000   6.70425   -9.21191730e-01   -3.91822330e-01
    9.00000   6.97242   -6.22227740e-01   -2.41477294e-01
    9.00000   7.24059   -4.19408590e-01   -1.48261488e-01
    9.00000   7.50876   -2.82295300e-01   -9.08367901e-02
    9.00000   7.77693   -1.89822783e-01   -5.55929202e-02
    9.00000   8.04510   -1.27555835e-01   -3.40082728e-02
    9.00000   8.31327   -8.56758540e-02   -2.08034953e-02
    9.00000   8.58144   -5.75280490e-02   -1.27289501e-02
    9.00000   8.84961   -3.86194810e-02   -7.79181113e-03
    9.00000   9.11778   -2.59219484e-02   -4.77236208e-03
    9.00000   9.38595   -1.73973481e-02   -2.92499577e-03
    9.00000   9.65412   -1.16752825e-02   -1.79414487e-03
    9.00000   9.92229   -7.83474430e-03   -1.10145036e-03
    9.00000  10.19046   -5.25733500e-03   -6.76846386e-04
    9.00000  10.45863   -3.52771465e-03   -4.16355006e-04
    9.00000  10.72680   -2.36706859e-03   -2.56404473e-04
    9.00000  10.99497   -1.58825356e-03   -1.58093632e-04
    9.00000  11.26314   -1.06567422e-03   -9.76034256e-05
    9.00000  11.53131   -7.15023829e-04   -6.03420738e-05
    9.00000  11.79948   -4.79748035e-04   -3.73610019e-05
    9.00000  12.06765   -3.21886218e-04   -2.31687079e-05
    9.00000  12.33582   -2.15966600e-04   -1.43917194e-05
    9.00000  12.60399   -1.44900397e-04   -8.95544603e-06
    9.00000  12.87216   -9.72186911e-05   -5.58302528e-06
    9.00000  13.14033   -6.52269860e-05   -3.48736880e-06
    9.00000  13.40850   -4.37626240e-05   -2.18278185e-06
    9.00000  13.67667   -2.93614102e-05   -1.36912050e-06
    9.00000  13.94484   -1.96992158e-05   -8.60642696e-07
    9.00000  14.21301   -1.32165988e-05   -5.42235351e-07
    9.00000  14.48118   -8.86720909e-06   -3.42420353e-07
    9.00000  14.74935   -5.94914643e-06   -2.16751655e-07
    9.00000  15.01752   -3.99135858e-06   -1.37535124e-07
    9.00000  15.28569   -2.67784284e-06   -8.74829077e-08
    9.00000  15.55386   -1.79659311e-06   -5.57829943e-08
    9.00000  15.82203   -1.20534515e-06   -3.56575284e-08
    9.00000  16.09020   -8.08677577e-07   -2.28490399e-08
    9.00000  16.35837   -5.42546538e-07   -1.46772360e-08
    9.00000  16.62654   -3.63997169e-07   -9.45081438e-09
    9.00000  16.89471   -2.44206890e-07   -6.09988121e-09
    9.00000  17.16288   -1.63838692e-07   -3.94621567e-09
    9.00000  17.43105   -1.09920183e-07   -2.55870354e-09
    9.00000  17.69922   -7.37452612e-08   -1.66268724e-09
    9.00000  17.96739   -4.94757088e-08   -1.08271956e-09
    9.00000  18.23556   -3.31931888e-08   -7.06487758e-10
    9.00000  18.50373   -2.22692520e-08   -4.61888126e-10
    9.00000  18.77190   -1.49404298e-08   -3.02533475e-10
    9.00000  19.04007   -1.00234541e-08   -1.98506188e-10
    9.00000  19.30824   -6.72473239e-09   -1.30466629e-10
    9.00000  19.57641   -4.51159422e-09   -8.58824760e-11
    9.00000  19.84458   -3.02681068e-09   -5.66178906e-11
    9.00000  20.11275   -2.03067244e-09   -3.73769730e-11
    9.00000  20.38092   -1.36237119e-09   -2.47068732e-11
    9.00000   0.00000    0.00000000e+00    0.00000000e+00
    9.00000   0.00000    0.00000000e+00    0.00000000e+00
   10.00000   0.26764   -4.81795750e+01   -8.46810750e-01
   10.00000   0.53528   -4.81326740e+01   -8.53281390e-01
   10.00000   0.80292   -4.80024920e+01   -8.64718460e-01
   10.00000   1.07056   -4.77948850e+01   -8.83947810e-01
   10.00000   1.33820   -4.74846620e+01   -9.15957760e-01
   10.00000   1.60584   -4.70308160e+01   -9.68940860e-01
   10.00000   1.87348   -4.63757230e+01   -1.05610417e+00
   10.00000   2.14112   -4.54437610e+01   -1.19827315e+00
   10.00000   2.40876   -4.41417990e+01   -1.42715971e+00
   10.00000   2.67640   -4.23659610e+01   -1.78817295e+00
   10.00000   2.94404   -4.00154190e+01   -2.33927106e+00
   10.00000   3.21168   -3.70156740e+01   -3.13764924e+00
   10.00000   3.47932   -3.33514700e+01   -4.20145292e+00
   10.00000   3.74696   -2.91068580e+01   -5.44051597e+00
   10.00000   4.01460   -2.44920370e+01   -6.59195635e+00
   10.00000   4.28224   -1.98233510e+01   -7.26242427e+00
   10.00000   4.54988   -1.54433490e+01   -7.14660640e+00
   10.00000   4.81752   -1.16209600e+01   -6.26605583e+00
   10.00000   5.08516   -8.49178780e+00   -4.95418266e+00
   10.00000   5.35280   -6.06172290e+00   -3.60533958e+00
   10.00000   5.62044   -4.25078540e+00   -2.46887891e+00
   10.00000   5.88808   -2.94222930e+00   -1.62144284e+00
   10.00000   6.15572   -2.01759500e+00   -1.03610459e+00
   10.00000   6.42336   -1.37451738e+00   -6.50656380e-01
   10.00000   6.69100   -9.32168630e-01   -4.04230788e-01
   10.00000   6.95864   -6.30212070e-01   -2.49507662e-01
   10.00000   7.22628   -4.25159670e-01   -1.53419566e-01
   10.00000   7.49392   -2.86409250e-01   -9.41336735e-02
   10.00000   7.76156   -1.92747892e-01   -5.76948133e-02
   10.00000   8.02920   -1.29628431e-01   -3.53461634e-02
   10.00000   8.29684   -8.71380890e-02   -2.16543990e-02
   10.00000   8.56448   -5.85568220e-02   -1.32699383e-02
   10.00000   8.83212   -3.93415350e-02   -8.13576782e-03
   10.00000   9.09976   -2.64276735e-02   -4.99111450e-03
   10.00000   9.36740   -1.77508549e-02   -3.06418075e-03
   10.00000   9.63504   -1.19219233e-02   -1.88276283e-03
   10.00000   9.90268   -8.00658130e-03   -1.15791775e-03
   10.00000  10.17032   -5.37689773e-03   -7.12853211e-04
   10.00000  10.43796   -3.61078920e-03   -4.39340749e-04
   10.00000  10.70560   -2.42472428e-03   -2.71092674e-04
   10.00000  10.97324   -1.62822451e-03   -1.67490253e-04
   10.00000  11.24088   -1.09335394e-03   -1.03623560e-04
   10.00000  11.50852   -7.34173862e-04   -6.42032944e-05
   10.00000  11.77616   -4.92985709e-04   -3.98412394e-05
   10.00000  12.04380   -3.31028295e-04   -2.47642062e-05
   10.00000  12.31144   -2.22276384e-04   -1.54195684e-05
   10.00000  12.57908   -1.49251173e-04   -9.61871177e-06
   10.00000  12.84672   -1.00216371e-04   -6.01170272e-06
   10.00000  13.11436   -6.72914752e-05   -3.76487979e-06
   10.00000  13.38200   -4.51832823e-05   -2.36273004e-06
   10.00000  13.64964   -3.03384574e-05   -1.48600443e-06
   10.00000  13.91728   -2.03707737e-05   -9.36695687e-07
   10.00000  14.18492   -1.36779543e-05   -5.91801748e-07
   10.00000  14.45256   -9.18397012e-06   -3.74780245e-07
   10.00000  14.72020   -6.16651727e-06   -2.37912351e-07
   10.00000  14.98784   -4.14046014e-06   -1.51395442e-07
   10.00000  15.25548   -2.78006664e-06   -9.65760628e-08
   10.00000  15.52312   -1.86664739e-06   -6.17580078e-08
   10.00000  15.79076   -1.25333245e-06   -3.95897020e-08
   10.00000  16.05840   -8.41533154e-07   -2.54406002e-08
   10.00000  16.32604   -5.65034373e-07   -1.63877624e-08
   10.00000  16.59368   -3.79383345e-07   -1.05813766e-08
   10.00000  16.86132   -2.54730190e-07   -6.84807060e-09
   10.00000  17.12896   -1.71033341e-07   -4.44200186e-09
   10.00000  17.39660   -1.14836689e-07   -2.88762887e-09
   10.00000  17.66424   -7.71050119e-08   -1.88115946e-09
   10.00000  17.93188   -5.17705056e-08   -1.22799354e-09
   10.00000  18.19952   -3.47602056e-08   -8.03180553e-10
   10.00000  18.46716   -2.33389085e-08   -5.26308661e-10
   10.00000  18.73480   -1.56703751e-08   -3.45492958e-10
   10.00000  19.00244   -1.05214558e-08   -2.27178381e-10
   10.00000  19.27008   -7.06439995e-09   -1.49618009e-10
   10.00000  19.53772   -4.74321455e-09   -9.86843454e-11
   10.00000  19.80536   -3.18471548e-09   -6.51811382e-11
   10.00000  20.07300   -2.13829642e-09   -4.31087179e-11
   10.00000  20.34064   -1.43570102e-09   -2.85456905e-11
   10.00000   0.00000    0.00000000e+00    0.00000000e+00
   10.00000   0.00000    0.00000000e+00    0.00000000e+00
   11.00000   0.27072   -4.78227230e+01   -9.25389710e-01
   11.00000   0.54144   -4.77738630e+01   -9.31847700e-01
   11.00000   0.81216   -4.76410150e+01   -9.43408110e-01
   11.00000   1.08288   -4.74289310e+01   -9.63003830e-01
   11.00000   1.35360   -4.71110330e+01   -9.95862510e-01
   11.00000   1.62432   -4.66442980e+01   -1.05063192e+00
   11.00000   1.89504   -4.59683010e+01   -1.14130073e+00
   11.00000   2.16576   -4.50040010e+01   -1.29007051e+00
   11.00000   2.43648   -4.36545720e+01   -1.53073258e+00
   11.00000   2.70720   -4.18128510e+01   -1.91156982e+00
   11.00000   2.97792   -3.93769960e+01   -2.49326505e+00
   11.00000   3.24864   -3.62759800e+01   -3.33265841e+00
   11.00000   3.51936   -3.25056770e+01   -4.43811427e+00
   11.00000   3.79008   -2.81698420e+01   -5.69343991e+00
   11.00000   4.06080   -2.35041760e+01   -6.79860118e+00
   11.00000   4.33152   -1.88448210e+01   -7.34285257e+00
   11.00000   4.60224   -1.45370540e+01   -7.05799943e+00
   11.00000   4.87296   -1.08332910e+01   -6.03946216e+00
   11.00000   5.14368   -7.84424710e+00   -4.66832837e+00
   11.00000   5.41440   -5.55283550e+00   -3.33223240e+00
   11.00000   5.68512   -3.86453470e+00   -2.24613202e+00
   11.00000   5.95584   -2.65657510e+00   -1.45656725e+00
   11.00000   6.22656   -1.81030250e+00   -9.21227402e-01
   11.00000   6.49728   -1.22614221e+00   -5.73593374e-01
   11.00000   6.76800   -8.27004210e-01   -3.53743692e-01
   11.00000   7.03872   -5.56203740e-01   -2.16922226e-01
   11.00000   7.30944   -3.73348510e-01   -1.32586596e-01
   11.00000   7.58016   -2.50276640e-01   -8.08968242e-02
   11.00000   7.85088   -1.67623873e-01   -4.93180818e-02
   11.00000   8.12160   -1.12198762e-01   -3.00595783e-02
   11.00000   8.39232   -7.50685490e-02   -1.83243115e-02
   11.00000   8.66304   -5.02116310e-02   -1.11751155e-02
   11.00000   8.93376   -3.35787644e-02   -6.81930756e-03
   11.00000   9.20448   -2.24524890e-02   -4.16436222e-03
   11.00000   9.47520   -1.50114629e-02   -2.54524677e-03
   11.00000   9.74592   -1.00358080e-02   -1.55714079e-03
   11.00000  10.01664   -6.70898410e-03   -9.53636476e-04
   11.00000  10.28736   -4.48484170e-03   -5.84706986e-04
   11.00000  10.55808   -2.99794460e-03   -3.58949793e-04
   11.00000  10.82880   -2.00397418e-03   -2.20652835e-04
   11.00000  11.09952   -1.33952894e-03   -1.35833780e-04
   11.00000  11.37024   -8.95377130e-04   -8.37472694e-05
   11.00000  11.64096   -5.98486806e-04   -5.17176716e-05
   11.00000  11.91168   -4.00035907e-04   -3.19930825e-05
   11.00000  12.18240   -2.67387361e-04   -1.98272847e-05
   11.00000  12.45312   -1.78721526e-04   -1.23112980e-05
   11.00000  12.72384   -1.19456643e-04   -7.65974848e-06
   11.00000  12.99456   -7.98443566e-05   -4.77569172e-06
   11.00000  13.26528   -5.33670830e-05   -2.98402873e-06
   11.00000  13.53600   -3.56698100e-05   -1.86874457e-06
   11.00000  13.80672   -2.38411494e-05   -1.17301535e-06
   11.00000  14.07744   -1.59349707e-05   -7.38062095e-07
   11.00000  14.34816   -1.06506150e-05   -4.65519867e-07
   11.00000  14.61888   -7.11860151e-06   -2.94343655e-07
   11.00000  14.88960   -4.75789326e-06   -1.86576504e-07
   11.00000  15.16032   -3.18003780e-06   -1.18562348e-07
   11.00000  15.43104   -2.12545175e-06   -7.55315883e-08
   11.00000  15.70176   -1.42058693e-06   -4.82387480e-08
   11.00000  15.97248   -9.49472801e-07   -3.08843985e-08
   11.00000  16.24320   -6.34596166e-07   -1.98217878e-08
   11.00000  16.51392   -4.24142043e-07   -1.27522357e-08
   11.00000  16.78464   -2.83481434e-07   -8.22330839e-09
   11.00000  17.05536   -1.89468511e-07   -5.31487793e-09
   11.00000  17.32608   -1.26633211e-07   -3.44266734e-09
   11.00000  17.59680   -8.46369402e-08   -2.23468503e-09
   11.00000  17.86752   -5.65679742e-08   -1.45351517e-09
   11.00000  18.13824   -3.78077752e-08   -9.47247703e-10
   11.00000  18.40896   -2.52691765e-08   -6.18458651e-10
   11.00000  18.67968   -1.68888202e-08   -4.04498811e-10
   11.00000  18.95040   -1.12878059e-08   -2.64997326e-10
   11.00000  19.22112   -7.54429209e-09   -1.73876796e-10
   11.00000  19.49184   -5.04227328e-09   -1.14254728e-10
   11.00000  19.76256   -3.37003569e-09   -7.51800942e-11
   11.00000  20.03328   -2.25238922e-09   -4.95319150e-11
   11.00000  20.30400   -1.50539114e-09   -3.26725307e-11
   12.00000   0.27026   -4.74677450e+01   -1.00657207e+00
   12.00000   0.54052   -4.74196740e+01   -1.01281863e+00
   12.00000   0.81078   -4.72883500e+01   -1.02410150e+00
   12.00000   1.08104   -4.70785900e+01   -1.04327049e+00
   12.00000   1.35130   -4.67644280e+01   -1.07545868e+00
   12.00000   1.62156   -4.63032660e+01   -1.12912988e+00
   12.00000   1.89182   -4.56358860e+01   -1.21805230e+00
   12.00000   2.16208   -4.46841010e+01   -1.36399156e+00
   12.00000   2.43234   -4.33528350e+01   -1.60021480e+00
   12.00000   2.70260   -4.15361410e+01   -1.97422329e+00
   12.00000   2.97286   -3.91332530e+01   -2.54593989e+00
   12.00000   3.24312   -3.60734130e+01   -3.37201135e+00
   12.00000   3.51338   -3.23506960e+01   -4.46228741e+00
   12.00000   3.78364   -2.80651600e+01   -5.70504056e+00
   12.00000   4.05390   -2.34464730e+01   -6.80670999e+00
   12.00000   4.32416   -1.88251420e+01   -7.36005765e+00
   12.00000   4.59442   -1.45430290e+01   -7.09184754e+00
   12.00000   4.86468   -1.08534000e+01   -6.08684673e+00
   12.00000   5.13494   -7.86934170e+00   -4.71935138e+00
   12.00000   5.40520   -5.57744840e+00   -3.37797108e+00
   12.00000   5.67546   -3.88598260e+00   -2.28236859e+00
   12.00000   5.94572   -2.67400380e+00   -1.48306986e+00
   12.00000   6.21598   -1.82386300e+00   -9.39636330e-01
   12.00000   6.48624   -1.23638002e+00   -5.85973933e-01
   12.00000   6.75650   -8.34582850e-01   -3.61905947e-01
   12.00000   7.02676   -5.61731670e-01   -2.22235452e-01
   12.00000   7.29702   -3.77338590e-01   -1.36019577e-01
   12.00000   7.56728   -2.53134330e-01   -8.31042419e-02
   12.00000   7.83754   -1.69658959e-01   -5.07334308e-02
   12.00000   8.10780   -1.13639558e-01   -3.09655393e-02
   12.00000   8.37806   -7.60854400e-02   -1.89036955e-02
   12.00000   8.64832   -5.09268260e-02   -1.15454906e-02
   12.00000   8.91858   -3.40803675e-02   -7.05605569e-03
   12.00000   9.18884   -2.28034592e-02   -4.31573901e-03
   12.00000   9.45910   -1.52565197e-02   -2.64206806e-03
   12.00000   9.72936   -1.02064734e-02   -1.61911634e-03
   12.00000   9.99962   -6.82776530e-03   -9.93333194e-04
   12.00000  10.26988   -4.56733697e-03   -6.10155786e-04
   12.00000  10.54014   -3.05516853e-03   -3.75279869e-04
   12.00000  10.81040   -2.04360797e-03   -2.31143604e-04
   12.00000  11.08066   -1.36694432e-03   -1.42580119e-04
   12.00000  11.35092   -9.14321530e-04   -8.80914223e-05
   12.00000  11.62118   -6.11563892e-04   -5.45185744e-05
   12.00000  11.89144   -4.09053028e-04   -3.38014437e-05
   12.00000  12.16170   -2.73599572e-04   -2.09964338e-05
   12.00000  12.43196   -1.82997960e-04   -1.30682153e-05
   12.00000  12.70222   -1.22398119e-04   -8.15054373e-06
   12.00000  12.97248   -8.18653251e-05   -5.09439595e-06
   12.00000  13.24274   -5.47549702e-05   -3.19129121e-06
   12.00000  13.51300   -3.66222156e-05   -2.00373728e-06
   12.00000  13.78326   -2.44942832e-05   -1.26107574e-06
   12.00000  14.05352   -1.63826123e-05   -7.95585816e-07
   12.00000  14.32378   -1.09571881e-05   -5.03152805e-07
   12.00000  14.59404   -7.32846790e-06   -3.18999609e-07
   12.00000  14.86430   -4.90147236e-06   -2.02752597e-07
   12.00000  15.13456   -3.27822027e-06   -1.29190280e-07
   12.00000  15.40482   -2.19255534e-06   -8.25234951e-08
   12.00000  15.67508   -1.46642388e-06   -5.28445021e-08
   12.00000  15.94534   -9.80774218e-07   -3.39220698e-08
   12.00000  16.21560   -6.55959938e-07   -2.18276825e-08
   12.00000  16.48586   -4.38717203e-07   -1.40783200e-08
   12.00000  16.75612   -2.93421738e-07   -9.10091367e-09
   12.00000  17.02638   -1.96245173e-07   -5.89629005e-09
   12.00000  17.29664   -1.31251731e-07   -3.82822247e-09
   12.00000  17.56690   -8.77826040e-08   -2.49060328e-09
   12.00000  17.83716   -5.87100819e-08   -1.62353286e-09
   12.00000  18.10742   -3.92660004e-08   -1.06029278e-09
   12.00000  18.37768   -2.62615393e-08   -6.93677587e-10
   12.00000  18.64794   -1.75639702e-08   -4.54586156e-10
   12.00000  18.91820   -1.17470110e-08   -2.98372048e-10
   12.00000  19.18846   -7.85648204e-09   -1.96129502e-10
   12.00000  19.45872   -5.25448528e-09   -1.29100798e-10
   12.00000  19.72898   -3.51424166e-09   -8.50897644e-11
   12.00000  19.99924   -2.35035402e-09   -5.61499352e-11
   12.00000  20.26950   -1.57193153e-09   -3.70942942e-11
   13.00000   0.26984   -4.71147740e+01   -1.09030533e+00
   13.00000   0.53968   -4.70674830e+01   -1.09631588e+00
   13.00000   0.80952   -4.69375770e+01   -1.10729332e+00
   13.00000   1.07936   -4.67302290e+01   -1.12598338e+00
   13.00000   1.34920   -4.64195890e+01   -1.15740643e+00
   13.00000   1.61904   -4.59638790e+01   -1.20986732e+00
   13.00000   1.88888   -4.53045890e+01   -1.29684590e+00
   13.00000   2.15872   -4.43649900e+01   -1.43968787e+00
   13.00000   2.42856   -4.30509680e+01   -1.67101602e+00
   13.00000   2.69840   -4.12581140e+01   -2.03750971e+00
   13.00000   2.96824   -3.88868460e+01   -2.59822106e+00
   13.00000   3.23808   -3.58663800e+01   -3.40942254e+00
   13.00000   3.50792   -3.21895570e+01   -4.48229845e+00
   13.00000   3.77776   -2.79526950e+01   -5.70942638e+00
   13.00000   4.04760   -2.33799050e+01   -6.80399958e+00
   13.00000   4.31744   -1.87963720e+01   -7.36317857e+00
   13.00000   4.58728   -1.45406690e+01   -7.10997696e+00
   13.00000   4.85712   -1.08661270e+01   -6.11918901e+00
   13.00000   5.12696   -7.88847740e+00   -4.75780947e+00
   13.00000   5.39680   -5.59743480e+00   -3.41427303e+00
   13.00000   5.66664   -3.90396510e+00   -2.31205722e+00
   13.00000   5.93648   -2.68891440e+00   -1.50523378e+00
   13.00000   6.20632   -1.83560740e+00   -9.55273068e-01
   13.00000   6.47616   -1.24533658e+00   -5.96619996e-01
   13.00000   6.74600   -8.41260970e-01   -3.68996515e-01
   13.00000   7.01584   -5.66632020e-01   -2.26893873e-01
   13.00000   7.28568   -3.80893800e-01   -1.39053679e-01
   13.00000   7.55552   -2.55692350e-01   -8.50703346e-02
   13.00000   7.82536   -1.71485874e-01   -5.20031263e-02
   13.00000   8.09520   -1.14938872e-01   -3.17838294e-02
   13.00000   8.36504   -7.70047540e-02   -1.94304976e-02
   13.00000   8.63488   -5.15752210e-02   -1.18844771e-02
   13.00000   8.90472   -3.45362956e-02   -7.27405083e-03
   13.00000   9.17456   -2.31232071e-02   -4.45597018e-03
   13.00000   9.44440   -1.54802249e-02   -2.73230209e-03
   13.00000   9.71424   -1.03627690e-02   -1.67720360e-03
   13.00000   9.98408   -6.93667520e-03   -1.03075618e-03
   13.00000  10.25392   -4.64312391e-03   -6.34278254e-04
   13.00000  10.52376   -3.10781972e-03   -3.90844363e-04
   13.00000  10.79360   -2.08013628e-03   -2.41194635e-04
   13.00000  11.06344   -1.39226252e-03   -1.49078623e-04
   13.00000  11.33328   -9.31842680e-04   -9.22975782e-05
   13.00000  11.60312   -6.23676064e-04   -5.72441418e-05
   13.00000  11.87296   -4.17417823e-04   -3.55697456e-05
   13.00000  12.14280   -2.79370202e-04   -2.21452083e-05
   13.00000  12.41264   -1.86975654e-04   -1.38154485e-05
   13.00000  12.68248   -1.25136756e-04   -8.63728902e-06
   13.00000  12.95232   -8.37501940e-05   -5.41186650e-06
   13.00000  13.22216   -5.60509197e-05   -3.39864766e-06
   13.00000  13.49200   -3.75126598e-05   -2.13935249e-06
   13.00000  13.76184   -2.51056409e-05   -1.34988771e-06
   13.00000  14.03168   -1.68020687e-05   -8.53830527e-07
   13.00000  14.30152   -1.12447705e-05   -5.41400365e-07
   13.00000  14.57136   -7.52559000e-06   -3.44147955e-07
   13.00000  14.84120   -5.03648500e-06   -2.19308937e-07
   13.00000  15.11104   -3.37064493e-06   -1.40103367e-07
   13.00000  15.38088   -2.25579029e-06   -8.97254999e-08
   13.00000  15.65072   -1.50967168e-06   -5.76029180e-08
   13.00000  15.92056   -1.01033015e-06   -3.70694801e-08
   13.00000  16.19040   -6.76155030e-07   -2.39117017e-08
   13.00000  16.46024   -4.52509561e-07   -1.54596198e-08
   13.00000  16.73008   -3.02836165e-07   -1.00173087e-08
   13.00000  16.99992   -2.02668910e-07   -6.50480833e-09
   13.00000  17.26976   -1.35633298e-07   -4.23266149e-09
   13.00000  17.53960   -9.07704965e-08   -2.75961398e-09
   13.00000  17.80944   -6.07467072e-08   -1.80260209e-09
   13.00000  18.07928   -4.06537365e-08   -1.17958483e-09
   13.00000  18.34912   -2.72068089e-08   -7.73197140e-10
   13.00000  18.61896   -1.82076243e-08   -5.07626891e-10
   13.00000  18.88880   -1.21851186e-08   -3.33772017e-10
   13.00000  19.15864   -8.15465353e-09   -2.19769363e-10
   13.00000  19.42848   -5.45733824e-09   -1.44894965e-10
   13.00000  19.69832   -3.65221820e-09   -9.56470967e-11
   13.00000  19.96816   -2.44416917e-09   -6.32098946e-11
   13.00000  20.23800   -1.63571212e-09   -4.18174824e-11
   14.00000   0.26944   -4.67639110e+01   -1.17644518e+00
   14.00000   0.53888   -4.67173910e+01   -1.18219820e+00
   14.00000   0.80832   -4.65888960e+01   -1.19284033e+00
   14.00000   1.07776   -4.63837520e+01   -1.21101221e+00
   14.00000   1.34720   -4.60765210e+01   -1.24162137e+00
   14.00000   1.61664   -4.56260450e+01   -1.29276376e+00
   14.00000   1.88608   -4.49747220e+01   -1.37763091e+00
   14.00000   2.15552   -4.40466860e+01   -1.51712862e+00
   14.00000   2.42496   -4.27491930e+01   -1.74319526e+00
   14.00000   2.69440   -4.09793840e+01   -2.10160788e+00
   14.00000   2.96384   -3.86383850e+01   -2.65044727e+00
   14.00000   3.23328   -3.56559780e+01   -3.44550069e+00
   14.00000   3.50272   -3.20234410e+01   -4.49910625e+00
   14.00000   3.77216   -2.78338150e+01   -5.70802647e+00
   14.00000   4.04160   -2.33060380e+01   -6.79238928e+00
   14.00000   4.31104   -1.87599830e+01   -7.35448488e+00
   14.00000   4.58048   -1.45310510e+01   -7.11473744e+00
   14.00000   4.84992   -1.08726560e+01   -6.13859884e+00
   14.00000   5.11936   -7.90252330e+00   -4.78538254e+00
   14.00000   5.38880   -5.61345760e+00   -3.44235818e+00
   14.00000   5.65824   -3.91896750e+00   -2.33598789e+00
   14.00000   5.92768   -2.70163420e+00   -1.52358897e+00
   14.00000   6.19712   -1.84579390e+00   -9.68465606e-01
   14.00000   6.46656   -1.25318073e+00   -6.05733557e-01
   14.00000   6.73600   -8.47159840e-01   -3.75139393e-01
   14.00000   7.00544   -5.70989340e-01   -2.30971486e-01
   14.00000   7.27488   -3.84072880e-01   -1.41734901e-01
   14.00000   7.54432   -2.57988520e-01   -8.68222018e-02
   14.00000   7.81376   -1.73133511e-01   -5.31435683e-02
   14.00000   8.08320   -1.16113635e-01   -3.25243483e-02
   14.00000   8.35264   -7.78393480e-02   -1.99106178e-02
   14.00000   8.62208   -5.21655910e-02   -1.21954747e-02
   14.00000   8.89152   -3.49525326e-02   -7.47542297e-03
   14.00000   9.16096   -2.34158229e-02   -4.58632573e-03
   14.00000   9.43040   -1.56854723e-02   -2.81669885e-03
   14.00000   9.69984   -1.05063909e-02   -1.73186256e-03
   14.00000   9.96928   -7.03698150e-03   -1.06616414e-03
   14.00000  10.23872   -4.71305104e-03   -6.57237393e-04
   14.00000  10.50816   -3.15649726e-03   -4.05740277e-04
   14.00000  10.77760   -2.11396853e-03   -2.50866929e-04
   14.00000  11.04704   -1.41574317e-03   -1.55364291e-04
   14.00000  11.31648   -9.48117360e-04   -9.63865378e-05
   14.00000  11.58592   -6.34944186e-04   -5.99068743e-05
   14.00000  11.85536   -4.25211210e-04   -3.73055883e-05
   14.00000  12.12480   -2.84753198e-04   -2.32781086e-05
   14.00000  12.39424   -1.90691577e-04   -1.45557979e-05
   14.00000  12.66368   -1.27699535e-04   -9.12156446e-06
   14.00000  12.93312   -8.55155509e-05   -5.72906343e-06
   14.00000  13.20256   -5.72663239e-05   -3.60665813e-06
   14.00000  13.47200   -3.83486379e-05   -2.27593023e-06
   14.00000  13.74144   -2.56803197e-05   -1.43967127e-06
   14.00000  14.01088   -1.71968382e-05   -9.12920241e-07
   14.00000  14.28032   -1.15157609e-05   -5.80335557e-07
   14.00000  14.54976   -7.71149711e-06   -3.69833700e-07
   14.00000  14.81920   -5.16395074e-06   -2.36272528e-07
   14.00000  15.08864   -3.45800151e-06   -1.51318613e-07
   14.00000  15.35808   -2.31561642e-06   -9.71481045e-08
   14.00000  15.62752   -1.55062021e-06   -6.25203968e-08
   14.00000  15.89696   -1.03835655e-06   -4.03305301e-08
   14.00000  16.16640   -6.95317403e-07   -2.60762460e-08
   14.00000  16.43584   -4.65608093e-07   -1.68976354e-08
   14.00000  16.70528   -3.11786699e-07   -1.09734437e-08
   14.00000  16.97472   -2.08782713e-07   -7.14110292e-09
   14.00000  17.24416   -1.39806906e-07   -4.65639450e-09
   14.00000  17.51360   -9.36189141e-08   -3.04199720e-09
   14.00000  17.78304   -6.26899479e-08   -1.99092291e-09
   14.00000  18.05248   -4.19789821e-08   -1.30523789e-09
   14.00000  18.32192   -2.81102843e-08   -8.57097328e-10
   14.00000  18.59136   -1.88233819e-08   -5.63676026e-10
   14.00000  18.86080   -1.26046284e-08   -3.71235238e-10
   14.00000  19.13024   -8.44039638e-09   -2.44820385e-10
   14.00000  19.39968   -5.65190202e-09   -1.61654234e-10
   14.00000  19.66912   -3.78465526e-09   -1.06864393e-10
   14.00000  19.93856   -2.53429463e-09   -7.07201945e-11
   14.00000  20.20800   -1.69702291e-09   -4.68476963e-11
   15.00000   0.26907   -4.64151540e+01   -1.26486163e+00
   15.00000   0.53814   -4.63693990e+01   -1.27034559e+00
   15.00000   0.80721   -4.62423090e+01   -1.28063252e+00
   15.00000   1.07628   -4.60392600e+01   -1.29824696e+00
   15.00000   1.34535   -4.57353260e+01   -1.32797350e+00
   15.00000   1.61442   -4.52899690e+01   -1.37771918e+00
   15.00000   1.88349   -4.46461950e+01   -1.46035730e+00
   15.00000   2.15256   -4.37294010e+01   -1.59629378e+00
   15.00000   2.42163   -4.24479210e+01   -1.81678245e+00
   15.00000   2.69070   -4.07001650e+01   -2.16664776e+00
   15.00000   2.95977   -3.83884750e+01   -2.70292849e+00
   15.00000   3.22884   -3.54426980e+01   -3.48077580e+00
   15.00000   3.49791   -3.18531290e+01   -4.51354085e+00
   15.00000   3.76698   -2.77094950e+01   -5.70207091e+00
   15.00000   4.03605   -2.32259470e+01   -6.77352922e+00
   15.00000   4.30512   -1.87170500e+01   -7.33595672e+00
   15.00000   4.57419   -1.45153560e+01   -7.10816906e+00
   15.00000   4.84326   -1.08737750e+01   -6.14692629e+00
   15.00000   5.11233   -7.91214030e+00   -4.80352064e+00
   15.00000   5.38140   -5.62603080e+00   -3.46326658e+00
   15.00000   5.65047   -3.93137610e+00   -2.35489062e+00
   15.00000   5.91954   -2.71246070e+00   -1.53858546e+00
   15.00000   6.18861   -1.85460100e+00   -9.79503956e-01
   15.00000   6.45768   -1.26006152e+00   -6.13493625e-01
   15.00000   6.72675   -8.52376880e-01   -3.80443587e-01
   15.00000   6.99582   -5.74871270e-01   -2.34535296e-01
   15.00000   7.26489   -3.86920580e-01   -1.44102245e-01
   15.00000   7.53396   -2.60056710e-01   -8.83841449e-02
   15.00000   7.80303   -1.74623783e-01   -5.41692575e-02
   15.00000   8.07210   -1.17180794e-01   -3.31958966e-02
   15.00000   8.34117   -7.85994890e-02   -2.03493562e-02
   15.00000   8.61024   -5.27048150e-02   -1.24817838e-02
   15.00000   8.87931   -3.53337654e-02   -7.66207227e-03
   15.00000   9.14838   -2.36845983e-02   -4.70796574e-03
   15.00000   9.41745   -1.58743570e-02   -2.89595841e-03
   15.00000   9.68652   -1.06388359e-02   -1.78350328e-03
   15.00000   9.95559   -7.12970220e-03   -1.09982319e-03
   15.00000  10.22466   -4.77781716e-03   -6.79183218e-04
   15.00000  10.49373   -3.20166039e-03   -4.20055621e-04
   15.00000  10.76280   -2.14540426e-03   -2.60211493e-04
   15.00000  11.03187   -1.43759598e-03   -1.61469130e-04
   15.00000  11.30094   -9.63292380e-04   -1.00377404e-04
   15.00000  11.57001   -6.45466145e-04   -6.25179736e-05
   15.00000  11.83908   -4.32498117e-04   -3.90156730e-05
   15.00000  12.10815   -2.89794519e-04   -2.43991352e-05
   15.00000  12.37722   -1.94175700e-04   -1.52913638e-05
   15.00000  12.64629   -1.30105439e-04   -9.60479035e-06
   15.00000  12.91536   -8.71750853e-05   -6.04681694e-06
   15.00000  13.18443   -5.84100761e-05   -3.81582274e-06
   15.00000  13.45350   -3.91364460e-05   -2.41376057e-06
   15.00000  13.72257   -2.62224170e-05   -1.53059647e-06
   15.00000  13.99164   -1.75696192e-05   -9.72961989e-07
   15.00000  14.26071   -1.17719584e-05   -6.20024401e-07
   15.00000  14.52978   -7.88744864e-06   -3.96094856e-07
   15.00000  14.79885   -5.28470922e-06   -2.53666379e-07
   15.00000  15.06792   -3.54082978e-06   -1.62850022e-07
   15.00000  15.33699   -2.37240361e-06   -1.04799712e-07
   15.00000  15.60606   -1.58953939e-06   -6.76023408e-08
   15.00000  15.87513   -1.06500334e-06   -4.37085213e-08
   15.00000  16.14420   -7.13560024e-07   -2.83235163e-08
   15.00000  16.41327   -4.78089777e-07   -1.83937674e-08
   15.00000  16.68234   -3.20323327e-07   -1.19702891e-08
   15.00000  16.95141   -2.14617574e-07   -7.80567405e-09
   15.00000  17.22048   -1.43794549e-07   -5.09976163e-09
   15.00000  17.48955   -9.63428537e-08   -3.33798303e-09
   15.00000  17.75862   -6.45499022e-08   -2.18861539e-09
   15.00000  18.02769   -4.32484360e-08   -1.43737199e-09
   15.00000  18.29676   -2.89764648e-08   -9.45445175e-10
   15.00000  18.56583   -1.94142427e-08   -6.22778579e-10
   15.00000  18.83490   -1.30075402e-08   -4.10791724e-10
   15.00000  19.10397   -8.71502040e-09   -2.71305573e-10
   15.00000  19.37304   -5.83904653e-09   -1.79394608e-10
   15.00000  19.64211   -3.91214275e-09   -1.18751256e-10
   15.00000  19.91118   -2.62113035e-09   -7.86875366e-11
   15.00000  20.18025   -1.75614386e-09   -5.21896369e-11
   16.00000   0.26872   -4.60684010e+01   -1.35543469e+00
   16.00000   0.53744   -4.60234050e+01   -1.36063805e+00
   16.00000   0.80616   -4.58976150e+01   -1.37052988e+00
   16.00000   1.07488   -4.56966550e+01   -1.38756763e+00
   16.00000   1.34360   -4.53960090e+01   -1.41637279e+00
   16.00000   1.61232   -4.49555570e+01   -1.46464355e+00
   16.00000   1.88104   -4.43192120e+01   -1.54493504e+00
   16.00000   2.14976   -4.34131410e+01   -1.67715330e+00
   16.00000   2.41848   -4.21472620e+01   -1.89181755e+00
   16.00000   2.68720   -4.04208640e+01   -2.23274929e+00
   16.00000   2.95592   -3.81375170e+01   -2.75587470e+00
   16.00000   3.22464   -3.52272340e+01   -3.51564790e+00
   16.00000   3.49336   -3.16793040e+01   -4.52628229e+00
   16.00000   3.76208   -2.75805110e+01   -5.69258978e+00
   16.00000   4.03080   -2.31404060e+01   -6.74882949e+00
   16.00000   4.29952   -1.86685530e+01   -7.30929418e+00
   16.00000   4.56824   -1.44942680e+01   -7.09205194e+00
   16.00000   4.83696   -1.08700710e+01   -6.14575145e+00
   16.00000   5.10568   -7.91789090e+00   -4.81351383e+00
   16.00000   5.37440   -5.63557950e+00   -3.47792827e+00
   16.00000   5.64312   -3.94149770e+00   -2.36937545e+00
   16.00000   5.91184   -2.72161180e+00   -1.55064327e+00
   16.00000   6.18056   -1.86221740e+00   -9.88640130e-01
   16.00000   6.44928   -1.26607816e+00   -6.20057208e-01
   16.00000   6.71800   -8.56993580e-01   -3.85006100e-01
   16.00000   6.98672   -5.78333500e-01   -2.37643305e-01
   16.00000   7.25544   -3.89476710e-01   -1.46192713e-01
   16.00000   7.52416   -2.61922800e-01   -8.97778652e-02
   16.00000   7.79288   -1.75974614e-01   -5.50933947e-02
   16.00000   8.06160   -1.18152301e-01   -3.38062750e-02
   16.00000   8.33032   -7.92936470e-02   -2.07514134e-02
   16.00000   8.59904   -5.31987740e-02   -1.27461046e-02
   16.00000   8.86776   -3.56839826e-02   -7.83570886e-03
   16.00000   9.13648   -2.39321265e-02   -4.82190032e-03
   16.00000   9.40520   -1.60487744e-02   -2.97068082e-03
   16.00000   9.67392   -1.07615014e-02   -1.83249578e-03
   16.00000   9.94264   -7.21566570e-03   -1.13194336e-03
   16.00000  10.21136   -4.83799120e-03   -7.00244745e-04
   16.00000  10.48008   -3.24368846e-03   -4.33870406e-04
   16.00000  10.74880   -2.17472307e-03   -2.69276334e-04
   16.00000  11.01752   -1.45801071e-03   -1.67419142e-04
   16.00000  11.28624   -9.77484590e-04   -1.04286279e-04
   16.00000  11.55496   -6.55321845e-04   -6.50873415e-05
   16.00000  11.82368   -4.39333484e-04   -4.07058007e-05
   16.00000  12.09240   -2.94530126e-04   -2.55117890e-05
   16.00000  12.36112   -1.97452002e-04   -1.60244469e-05
   16.00000  12.62984   -1.32370454e-04   -1.00882670e-05
   16.00000  12.89856   -8.87397885e-05   -6.36589720e-06
   16.00000  13.16728   -5.94898711e-05   -4.02661160e-06
   16.00000  13.43600   -3.98808805e-05   -2.55313360e-06
   16.00000  13.70472   -2.67353308e-05   -1.62282337e-06
   16.00000  13.97344   -1.79227103e-05   -1.03405380e-06
   16.00000  14.24216   -1.20149623e-05   -6.60524918e-07
   16.00000  14.51088   -8.05445407e-06   -4.22967436e-07
   16.00000  14.77960   -5.39946013e-06   -2.71511497e-07
   16.00000  15.04832   -3.61961956e-06   -1.74710600e-07
   16.00000  15.31704   -2.42647172e-06   -1.12689327e-07
   16.00000  15.58576   -1.62661914e-06   -7.28536521e-08
   16.00000  15.85448   -1.09042048e-06   -4.72066549e-08
   16.00000  16.12320   -7.30976863e-07   -3.06553135e-08
   16.00000  16.39192   -4.90017597e-07   -1.99492163e-08
   16.00000  16.66064   -3.28487039e-07   -1.30084452e-08
   16.00000  16.92936   -2.20204487e-07   -8.49903196e-09
   16.00000  17.19808   -1.47615225e-07   -5.56309305e-09
   16.00000  17.46680   -9.89547128e-08   -3.64776157e-09
   16.00000  17.73552   -6.63347685e-08   -2.39584958e-09
   16.00000  18.00424   -4.44677973e-08   -1.57605717e-09
   16.00000  18.27296   -2.98091498e-08   -1.03830571e-09
   16.00000  18.54168   -1.99826063e-08   -6.84977565e-10
   16.00000  18.81040   -1.33953536e-08   -4.52469484e-10
   16.00000  19.07912   -8.97962547e-09   -2.99243935e-10
   16.00000  19.34784   -6.01950167e-09   -1.98128092e-10
   16.00000  19.61656   -4.03517063e-09   -1.31316189e-10
   16.00000  19.88528   -2.70497632e-09   -8.71185227e-11
   16.00000  20.15400   -1.81328496e-09   -5.78479053e-11
   17.00000   0.26838   -4.57237530e+01   -1.44802436e+00
   17.00000   0.53676   -4.56795100e+01   -1.45292558e+00
   17.00000   0.80514   -4.55550150e+01   -1.46242242e+00
   17.00000   1.07352   -4.53561380e+01   -1.47885421e+00
   17.00000   1.34190   -4.50585710e+01   -1.50668925e+00
   17.00000   1.61028   -4.46229120e+01   -1.55342687e+00
   17.00000   1.87866   -4.39936820e+01   -1.63128409e+00
   17.00000   2.14704   -4.30982170e+01   -1.75965713e+00
   17.00000   2.41542   -4.18472270e+01   -1.96828050e+00
   17.00000   2.68380   -4.01416910e+01   -2.29997242e+00
   17.00000   2.95218   -3.78857180e+01   -2.80948580e+00
   17.00000   3.22056   -3.50098840e+01   -3.55048690e+00
   17.00000   3.48894   -3.15025550e+01   -4.53793060e+00
   17.00000   3.75732   -2.74476490e+01   -5.68047316e+00
   17.00000   4.02570   -2.30501990e+01   -6.71949021e+00
   17.00000   4.29408   -1.86150780e+01   -7.27592738e+00
   17.00000   4.56246   -1.44683770e+01   -7.06788615e+00
   17.00000   4.83084   -1.08623380e+01   -6.13646439e+00
   17.00000   5.09922   -7.92021930e+00   -4.81645218e+00
   17.00000   5.36760   -5.64244990e+00   -3.48713329e+00
   17.00000   5.63598   -3.94960980e+00   -2.37998239e+00
   17.00000   5.90436   -2.72928610e+00   -1.56009241e+00
   17.00000   6.17274   -1.86876200e+00   -9.96101141e-01
   17.00000   6.44112   -1.27135002e+00   -6.25563311e-01
   17.00000   6.70950   -8.61074570e-01   -3.88912939e-01
   17.00000   6.97788   -5.81421770e-01   -2.40348516e-01
   17.00000   7.24626   -3.91773130e-01   -1.48036307e-01
   17.00000   7.51464   -2.63608690e-01   -9.10222640e-02
   17.00000   7.78302   -1.77200945e-01   -5.59272810e-02
   17.00000   8.05140   -1.19037121e-01   -3.43624839e-02
   17.00000   8.31978   -7.99288000e-02   -2.11210897e-02
   17.00000   8.58816   -5.36523550e-02   -1.29911373e-02
   17.00000   8.85654   -3.60064760e-02   -7.99784290e-03
   17.00000   9.12492   -2.41606018e-02   -4.92903955e-03
   17.00000   9.39330   -1.62102213e-02   -3.04141615e-03
   17.00000   9.66168   -1.08751853e-02   -1.87916011e-03
   17.00000   9.93006   -7.29559060e-03   -1.16272467e-03
   17.00000  10.19844   -4.89403238e-03   -7.20539990e-04
   17.00000  10.46682   -3.28291096e-03   -4.47252641e-04
   17.00000  10.73520   -2.20212464e-03   -2.78101458e-04
   17.00000  11.00358   -1.47712715e-03   -1.73241331e-04
   17.00000  11.27196   -9.90795880e-04   -1.08128265e-04
   17.00000  11.54034   -6.64578211e-04   -6.76239795e-05
   17.00000  11.80872   -4.45763266e-04   -4.23814726e-05
   17.00000  12.07710   -2.98990990e-04   -2.66192705e-05
   17.00000  12.34548   -2.00543464e-04   -1.67569474e-05
   17.00000  12.61386   -1.34510568e-04   -1.05729546e-05
   17.00000  12.88224   -9.02192535e-05   -6.68694441e-06
   17.00000  13.15062   -6.05120044e-05   -4.23939485e-06
   17.00000  13.41900   -4.05864388e-05   -2.69425939e-06
   17.00000  13.68738   -2.72219593e-05   -1.71650200e-06
   17.00000  13.95576   -1.82581107e-05   -1.09627172e-06
   17.00000  14.22414   -1.22458718e-05   -7.01886128e-07
   17.00000  14.49252   -8.21339303e-06   -4.50481453e-07
   17.00000  14.76090   -5.50876321e-06   -2.89826891e-07
   17.00000  15.02928   -3.69475068e-06   -1.86911353e-07
   17.00000  15.29766   -2.47807066e-06   -1.20821051e-07
   17.00000  15.56604   -1.66203941e-06   -7.82781330e-08
   17.00000  15.83442   -1.11472795e-06   -5.08270326e-08
   17.00000  16.10280   -7.47644900e-07   -3.30730384e-08
   17.00000  16.37118   -5.01442538e-07   -2.15647828e-08
   17.00000  16.63956   -3.36314825e-07   -1.40886124e-08
   17.00000  16.90794   -2.25564446e-07   -9.22153689e-09
   17.00000  17.17632   -1.51283928e-07   -6.04661892e-09
   17.00000  17.44470   -1.01464589e-07   -3.97150292e-09
   17.00000  17.71308   -6.80516455e-08   -2.61269554e-09
   17.00000  17.98146   -4.56415652e-08   -1.72137348e-09
   17.00000  18.24984   -3.06112389e-08   -1.13571595e-09
   17.00000  18.51822   -2.05306723e-08   -7.50302002e-10
   17.00000  18.78660   -1.37696685e-08   -4.96290528e-10
   17.00000  19.05498   -9.23513145e-09   -3.28649477e-10
   17.00000  19.32336   -6.19387737e-09   -2.17866690e-10
   17.00000  19.59174   -4.15414885e-09   -1.44569193e-10
   17.00000  19.86012   -2.78613249e-09   -9.60182546e-11
   17.00000  20.12850   -1.86861617e-09   -6.38261028e-11
   18.00000   0.26806   -4.53813070e+01   -1.54252034e+00
   18.00000   0.53612   -4.53377130e+01   -1.54710795e+00
   18.00000   0.80418   -4.52144100e+01   -1.55619988e+00
   18.00000   1.07224   -4.50175100e+01   -1.57199641e+00
   18.00000   1.34030   -4.47231140e+01   -1.59883249e+00
   18.00000   1.60836   -4.42920370e+01   -1.64399865e+00
   18.00000   1.87642   -4.36698080e+01   -1.71934384e+00
   18.00000   2.14448   -4.27845340e+01   -1.84374450e+00
   18.00000   2.41254   -4.15481230e+01   -2.04617032e+00
   18.00000   2.68060   -3.98626520e+01   -2.36838600e+00
   18.00000   2.94866   -3.76333790e+01   -2.86392050e+00
   18.00000   3.21672   -3.47911440e+01   -3.58558150e+00
   18.00000   3.48478   -3.13232710e+01   -4.54897460e+00
   18.00000   3.75284   -2.73112920e+01   -5.66646008e+00
   18.00000   4.02090   -2.29559100e+01   -6.68654066e+00
   18.00000   4.28896   -1.85572090e+01   -7.23713583e+00
   18.00000   4.55702   -1.44384700e+01   -7.03702140e+00
   18.00000   4.82508   -1.08509660e+01   -6.12027491e+00
   18.00000   5.09314   -7.91953020e+00   -4.81331556e+00
   18.00000   5.36120   -5.64694860e+00   -3.49161157e+00
   18.00000   5.62926   -3.95593030e+00   -2.38722141e+00
   18.00000   5.89732   -2.73562210e+00   -1.56727286e+00
   18.00000   6.16538   -1.87434410e+00   -1.00208497e+00
   18.00000   6.43344   -1.27592656e+00   -6.30136929e-01
   18.00000   6.70150   -8.64676490e-01   -3.92239099e-01
   18.00000   6.96956   -5.84173890e-01   -2.42696927e-01
   18.00000   7.23762   -3.93835700e-01   -1.49663026e-01
   18.00000   7.50568   -2.65133300e-01   -9.21347406e-02
   18.00000   7.77374   -1.78314724e-01   -5.66815157e-02
   18.00000   8.04180   -1.19845221e-01   -3.48707230e-02
   18.00000   8.30986   -8.05109280e-02   -2.14619848e-02
   18.00000   8.57792   -5.40694450e-02   -1.32190818e-02
   18.00000   8.84598   -3.63040370e-02   -8.14985433e-03
   18.00000   9.11404   -2.43720196e-02   -5.03021342e-03
   18.00000   9.38210   -1.63598947e-02   -3.10865437e-03
   18.00000   9.65016   -1.09808856e-02   -1.92380626e-03
   18.00000   9.91822   -7.37005580e-03   -1.19233713e-03
   18.00000  10.18628   -4.94635995e-03   -7.40177951e-04
   18.00000  10.45434   -3.31960745e-03   -4.60269326e-04
   18.00000  10.72240   -2.22780869e-03   -2.86727864e-04
   18.00000  10.99046   -1.49506514e-03   -1.78958698e-04
   18.00000  11.25852   -1.00331212e-03   -1.11917364e-04
   18.00000  11.52658   -6.73294175e-04   -7.01361879e-05
   18.00000  11.79464   -4.51825420e-04   -4.40474889e-05
   18.00000  12.06270   -3.03202086e-04   -2.77245800e-05
   18.00000  12.33076   -2.03465070e-04   -1.74905655e-05
   18.00000  12.59882   -1.36534771e-04   -1.10601533e-05
   18.00000  12.86688   -9.16213740e-05   -7.01062861e-06
   18.00000  13.13494   -6.14817722e-05   -4.45457250e-06
   18.00000  13.40300   -4.12566184e-05   -2.83738796e-06
   18.00000  13.67106   -2.76847011e-05   -1.81176239e-06
   18.00000  13.93912   -1.85773192e-05   -1.15971074e-06
   18.00000  14.20718   -1.24659864e-05   -7.44158038e-07
   18.00000  14.47524   -8.36499514e-06   -4.78665913e-07
   18.00000  14.74330   -5.61312824e-06   -3.08629565e-07
   18.00000  15.01136   -3.76654301e-06   -1.99462282e-07
   18.00000  15.27942   -2.52743035e-06   -1.29203888e-07
   18.00000  15.54748   -1.69596014e-06   -8.38800845e-08
   18.00000  15.81554   -1.13802570e-06   -5.45725548e-08
   18.00000  16.08360   -7.63633112e-07   -3.55785915e-08
   18.00000  16.35166   -5.12409587e-07   -2.32415672e-08
   18.00000  16.61972   -3.43834679e-07   -1.52113909e-08
   18.00000  16.88778   -2.30718446e-07   -9.97363897e-09
   18.00000  17.15584   -1.54814657e-07   -6.55063930e-09
   18.00000  17.42390   -1.03882781e-07   -4.30939713e-09
   18.00000  17.69196   -6.97064321e-08   -2.83930332e-09
   18.00000  17.96002   -4.67737388e-08   -1.87340093e-09
   18.00000  18.22808   -3.13856315e-08   -1.23774692e-09
   18.00000  18.49614   -2.10600406e-08   -8.18793898e-10
   18.00000  18.76420   -1.41314848e-08   -5.42282865e-10
   18.00000  19.03226   -9.48232825e-09   -3.59541204e-10
   18.00000  19.30032   -6.36271356e-09   -2.38621405e-10
   18.00000  19.56838   -4.26942737e-09   -1.58516273e-10
   18.00000  19.83644   -2.86480884e-09   -1.05393434e-10
   18.00000  20.10450   -1.92230750e-09   -7.01285300e-11
   19.00000   0.26775   -4.50407640e+01   -1.63876233e+00
   19.00000   0.53550   -4.49979150e+01   -1.64303492e+00
   19.00000   0.80325   -4.48759000e+01   -1.65170202e+00
   19.00000   1.07100   -4.46809730e+01   -1.66684393e+00
   19.00000   1.33875   -4.43895410e+01   -1.69266215e+00
   19.00000   1.60650   -4.39630360e+01   -1.73620842e+00
   19.00000   1.87425   -4.33475950e+01   -1.80898369e+00
   19.00000   2.14200   -4.24721980e+01   -1.92933462e+00
   19.00000   2.40975   -4.12500560e+01   -2.12544605e+00
   19.00000   2.67750   -3.95841540e+01   -2.43798880e+00
   19.00000   2.94525   -3.73808040e+01   -2.91925760e+00
   19.00000   3.21300   -3.45712120e+01   -3.62115050e+00
   19.00000   3.48075   -3.11420470e+01   -4.55980310e+00
   19.00000   3.74850   -2.71721300e+01   -5.65117960e+00
   19.00000   4.01625   -2.28580270e+01   -6.65084011e+00
   19.00000   4.28400   -1.84956370e+01   -7.19396903e+00
   19.00000   4.55175   -1.44048400e+01   -7.00056735e+00
   19.00000   4.81950   -1.08362500e+01   -6.09821282e+00
   19.00000   5.08725   -7.91612970e+00   -4.80494386e+00
   19.00000   5.35500   -5.64931280e+00   -3.49197303e+00
   19.00000   5.62275   -3.96062730e+00   -2.39149247e+00
   19.00000   5.89050   -2.74077870e+00   -1.57244461e+00
   19.00000   6.15825   -1.87907290e+00   -1.00676461e+00
   19.00000   6.42600   -1.27989732e+00   -6.33886053e-01
   19.00000   6.69375   -8.67847060e-01   -3.95052574e-01
   19.00000   6.96150   -5.86624670e-01   -2.44728535e-01
   19.00000   7.22925   -3.95688310e-01   -1.51096868e-01
   19.00000   7.49700   -2.66511560e-01   -9.31298939e-02
   19.00000   7.76475   -1.79327911e-01   -5.73649983e-02
   19.00000   8.03250   -1.20583575e-01   -3.53363921e-02
   19.00000   8.30025   -8.10450150e-02   -2.17774987e-02
   19.00000   8.56800   -5.44536340e-02   -1.34319380e-02
   19.00000   8.83575   -3.65789600e-02   -8.29290311e-03
   19.00000   9.10350   -2.45678759e-02   -5.12613188e-03
   19.00000   9.37125   -1.64990920e-02   -3.17283549e-03
   19.00000   9.63900   -1.10794009e-02   -1.96667422e-03
   19.00000   9.90675   -7.43957030e-03   -1.22095073e-03
   19.00000  10.17450   -4.99530333e-03   -7.59246626e-04
   19.00000  10.44225   -3.35398756e-03   -4.72972460e-04
   19.00000  10.71000   -2.25191500e-03   -2.95186553e-04
   19.00000  10.97775   -1.51193454e-03   -1.84589243e-04
   19.00000  11.24550   -1.01509624e-03   -1.15664574e-04
   19.00000  11.51325   -6.81516683e-04   -7.26304668e-05
   19.00000  11.78100   -4.57552913e-04   -4.57077496e-05
   19.00000  12.04875   -3.07186392e-04   -2.88300174e-05
   19.00000  12.31650   -2.06232806e-04   -1.82267013e-05
   19.00000  12.58425   -1.38456056e-04   -1.15504632e-05
   19.00000  12.85200   -9.29528449e-05   -7.33736984e-06
   19.00000  13.11975   -6.24038712e-05   -4.67239459e-06
   19.00000  13.38750   -4.18945176e-05   -2.98265933e-06
   19.00000  13.65525   -2.81256549e-05   -1.90868455e-06
   19.00000  13.92300   -1.88818352e-05   -1.22442088e-06
   19.00000  14.19075   -1.26761057e-05   -7.87369653e-07
   19.00000  14.45850   -8.50990012e-06   -5.07538818e-07
   19.00000  14.72625   -5.71298505e-06   -3.27930521e-07
   19.00000  14.99400   -3.83529644e-06   -2.12370389e-07
   19.00000  15.26175   -2.57475072e-06   -1.37840837e-07
   19.00000  15.52950   -1.72850129e-06   -8.96613072e-08
   19.00000  15.79725   -1.16038370e-06   -5.84441222e-08
   19.00000  16.06500   -7.78996483e-07   -3.81723732e-08
   19.00000  16.33275   -5.22958735e-07   -2.49800697e-08
   19.00000  16.60050   -3.51073592e-07   -1.63769809e-08
   19.00000  16.86825   -2.35683483e-07   -1.07554383e-08
   19.00000  17.13600   -1.58219408e-07   -7.07520427e-09
   19.00000  17.40375   -1.06214988e-07   -4.66148425e-09
   19.00000  17.67150   -7.13043272e-08   -3.07570294e-09
   19.00000  17.93925   -4.78679178e-08   -2.03215955e-09
   19.00000  18.20700   -3.21345274e-08   -1.34439863e-09
   19.00000  18.47475   -2.15724108e-08   -8.90462264e-10
   19.00000  18.74250   -1.44819022e-08   -5.90453499e-10
   19.00000  19.01025   -9.72191577e-09   -3.91925120e-10
   19.00000  19.27800   -6.52646020e-09   -2.60397240e-10
   19.00000  19.54575   -4.38130616e-09   -1.73161427e-10
   19.00000  19.81350   -2.94122536e-09   -1.15245161e-10
   19.00000  20.08125   -1.97447893e-09   -7.67567877e-11
   20.00000   0.26746   -4.47024230e+01   -1.73666095e+00
   20.00000   0.53492   -4.46602160e+01   -1.74060696e+00
   20.00000   0.80238   -4.45393840e+01   -1.74883932e+00
   20.00000   1.06984   -4.43464260e+01   -1.76331734e+00
   20.00000   1.33730   -4.40578510e+01   -1.78808894e+00
   20.00000   1.60476   -4.36358090e+01   -1.82998709e+00
   20.00000   1.87222   -4.30270450e+01   -1.90014478e+00
   20.00000   2.13968   -4.21613130e+01   -2.01637896e+00
   20.00000   2.40714   -4.09529310e+01   -2.20606950e+00
   20.00000   2.67460   -3.93061990e+01   -2.50880310e+00
   20.00000   2.94206   -3.71280930e+01   -2.97560950e+00
   20.00000   3.20952   -3.43504830e+01   -3.65739640e+00
   20.00000   3.47698   -3.09590710e+01   -4.57077860e+00
   20.00000   3.74444   -2.70303500e+01   -5.63516380e+00
   20.00000   4.01190   -2.27571380e+01   -6.61315027e+00
   20.00000   4.27936   -1.84306500e+01   -7.14734825e+00
   20.00000   4.54682   -1.43678790e+01   -6.95951490e+00
   20.00000   4.81428   -1.08186840e+01   -6.07120872e+00
   20.00000   5.08174   -7.91029360e+00   -4.79207746e+00
   20.00000   5.34920   -5.64975990e+00   -3.48876794e+00
   20.00000   5.61666   -3.96386920e+00   -2.39317571e+00
   20.00000   5.88412   -2.74486480e+00   -1.57586773e+00
   20.00000   6.15158   -1.88301770e+00   -1.01030512e+00
   20.00000   6.41904   -1.28331190e+00   -6.36907720e-01
   20.00000   6.68650   -8.70627030e-01   -3.97412388e-01
   20.00000   6.95396   -5.88800950e-01   -2.46482355e-01
   20.00000   7.22142   -3.97349860e-01   -1.52359841e-01
   20.00000   7.48888   -2.67757400e-01   -9.40217295e-02
   20.00000   7.75634   -1.80249464e-01   -5.79860324e-02
   20.00000   8.02380   -1.21258158e-01   -3.57645933e-02
   20.00000   8.29126   -8.15355440e-02   -2.20706326e-02
   20.00000   8.55872   -5.48077120e-02   -1.36314068e-02
   20.00000   8.82618   -3.68332380e-02   -8.42810973e-03
   20.00000   9.09364   -2.47496669e-02   -5.21744527e-03
   20.00000   9.36110   -1.66285110e-02   -3.23433968e-03
   20.00000   9.62856   -1.11712297e-02   -2.00801411e-03
   20.00000   9.89602   -7.50456320e-03   -1.24868553e-03
   20.00000  10.16348   -5.04116197e-03   -7.77833065e-04
   20.00000  10.43094   -3.38627095e-03   -4.85414074e-04
   20.00000  10.69840   -2.27459335e-03   -3.03508543e-04
   20.00000  10.96586   -1.52783521e-03   -1.90151978e-04
   20.00000  11.23332   -1.02622116e-03   -1.19381904e-04
   20.00000  11.50078   -6.89288683e-04   -7.51136209e-05
   20.00000  11.76824   -4.62973711e-04   -4.73663576e-05
   20.00000  12.03570   -3.10961888e-04   -2.99378847e-05
   20.00000  12.30316   -2.08859660e-04   -1.89666559e-05
   20.00000  12.57062   -1.40281414e-04   -1.20448850e-05
   20.00000  12.83808   -9.42197614e-05   -7.66771856e-06
   20.00000  13.10554   -6.32820986e-05   -4.89318140e-06
   20.00000  13.37300   -4.25028342e-05   -3.13026368e-06
   20.00000  13.64046   -2.85465197e-05   -2.00739859e-06
   20.00000  13.90792   -1.91728580e-05   -1.29045220e-06
   20.00000  14.17538   -1.28771291e-05   -8.31563021e-07
   20.00000  14.44284   -8.64865769e-06   -5.37123199e-07
   20.00000  14.71030   -5.80868345e-06   -3.47742777e-07
   20.00000  14.97776   -3.90126086e-06   -2.25643687e-07
   20.00000  15.24522   -2.62018170e-06   -1.46736906e-07
   20.00000  15.51268   -1.75977282e-06   -9.56252062e-08
   20.00000  15.78014   -1.18190194e-06   -6.24438377e-08
   20.00000  16.04760   -7.93786998e-07   -4.08557854e-08
   20.00000  16.31506   -5.33121971e-07   -2.67808914e-08
   20.00000  16.58252   -3.58053560e-07   -1.75858831e-08
   20.00000  16.84998   -2.40474553e-07   -1.15672654e-08
   20.00000  17.11744   -1.61506180e-07   -7.62056415e-09
   20.00000  17.38490   -1.08470206e-07   -5.02792448e-09
   20.00000  17.65236   -7.28498300e-08   -3.32197452e-09
   20.00000  17.91982   -4.89269014e-08   -2.19771942e-09
   20.00000  18.18728   -3.28598261e-08   -1.45572113e-09
   20.00000  18.45474   -2.20690827e-08   -9.65339130e-10
   20.00000  18.72220   -1.48218208e-08   -6.40824449e-10
   20.00000  18.98966   -9.95446395e-09   -4.25817236e-10
   20.00000  19.25712   -6.68550724e-09   -2.83204202e-10
   20.00000  19.52458   -4.49004519e-09   -1.88512663e-10
   20.00000  19.79204   -3.01555202e-09   -1.25578939e-10
   20.00000  20.05950   -2.02527045e-09   -8.37146780e-11
