Ar-40 + neutron, exciton state: (1,1,0,0)
Recall: Units for lambda are [1/s].

    E_x(MeV)          lambda_pi+          lambda_nu+       lambda_pi->nu       lambda_nu->pi
--------------------------------------------------------------------------------------------
           1                   0                   0                   0                   0
           2                   0                   0                   0                   0
           3                   0                   0                   0                   0
           4         4.25567e+20         1.18022e+22         1.85594e+22                   0
           5         4.34888e+21         3.66037e+22         3.20598e+22                   0
           6         1.19615e+22         7.12375e+22         4.39017e+22                   0
           7         2.25713e+22         1.13668e+23          5.4471e+22                   0
           8         3.56687e+22          1.6255e+23         6.40215e+22                   0
           9         5.08807e+22         2.16919e+23         7.27311e+22                   0
          10         6.79223e+22         2.76044e+23         8.07298e+22                   0
          11         8.65687e+22         3.39348e+23         8.81173e+22                   0
          12         1.06637e+23          4.0636e+23          9.4972e+22                   0
          13         1.27976e+23         4.76691e+23         1.01357e+23                   0
          14          1.5039e+23         5.49763e+23         1.00817e+23                   0
          15         1.73191e+23         6.23223e+23         9.81384e+22                   0
          16         1.95665e+23         6.94717e+23         9.56223e+22                   0
          17         2.17343e+23         7.62816e+23         9.32587e+22                   0
          18         2.37929e+23         8.26692e+23         9.10386e+22                   0
          19         2.57244e+23         8.85911e+23         8.89539e+22                   0
          20         2.75195e+23         9.40308e+23         8.69976e+22                   0
          21          2.9175e+23         9.89897e+23         8.51633e+22                   0
          22         3.06921e+23         1.03482e+24         8.34455e+22                   0
          23          3.2075e+23         1.07529e+24         8.18391e+22                   0
          24         3.33306e+23          1.1116e+24         8.03395e+22                   0
          25          3.4467e+23         1.14408e+24         7.89427e+22                   0


Ar-40 + neutron, exciton state: (0,0,1,1)
Recall: Units for lambda are [1/s].

    E_x(MeV)          lambda_pi+          lambda_nu+       lambda_pi->nu       lambda_nu->pi
--------------------------------------------------------------------------------------------
           1                   0                   0                   0                   0
           2                   0                   0                   0                   0
           3                   0                   0                   0                   0
           4         9.65638e+21         2.01546e+21                   0         1.24241e+22
           5         2.99484e+22         1.47948e+22                   0         2.14615e+22
           6         5.82852e+22         3.75988e+22                   0         2.93888e+22
           7         9.30014e+22         6.84494e+22                   0          3.6464e+22
           8         1.32996e+23         1.05961e+23                   0         4.28574e+22
           9         1.77479e+23          1.4913e+23                   0         4.86877e+22
          10         2.25854e+23         1.97194e+23                   0         5.40423e+22
          11         2.77648e+23          2.4955e+23                   0         5.89876e+22
          12         3.32477e+23         3.05712e+23                   0         6.35763e+22
          13          3.9002e+23         3.65272e+23                   0         6.78506e+22
          14         4.49806e+23         4.27698e+23                   0         6.74891e+22
          15         5.09909e+23         4.91058e+23                   0         6.56959e+22
          16         5.68405e+23         5.53361e+23                   0         6.40117e+22
          17         6.24122e+23          6.1332e+23                   0         6.24294e+22
          18         6.76384e+23         6.70129e+23                   0         6.09432e+22
          19         7.24837e+23         7.23315e+23                   0         5.95476e+22
          20         7.69343e+23         7.72642e+23                   0          5.8238e+22
          21         8.09916e+23         8.18038e+23                   0         5.70102e+22
          22         8.46667e+23         8.59554e+23                   0         5.58602e+22
          23         8.79783e+23         8.97323e+23                   0         5.47848e+22
          24         9.09493e+23         9.31542e+23                   0          5.3781e+22
          25         9.36065e+23         9.62452e+23                   0         5.28459e+22


Ar-40 + neutron, exciton state: (1,1,1,0)
Recall: Units for lambda are [1/s].

    E_x(MeV)          lambda_pi+          lambda_nu+       lambda_pi->nu       lambda_nu->pi
--------------------------------------------------------------------------------------------
           1                   0                   0                   0                   0
           2                   0                   0                   0                   0
           3                   0                   0                   0                   0
           4                   0                   0                   0                   0
           5          2.2115e+15                   0                   0                   0
           6         2.33967e+21         2.87861e+21         1.28834e+22                   0
           7         8.71806e+21         1.30689e+22         2.32582e+22                   0
           8          1.9035e+22         3.08717e+22         3.23357e+22                   0
           9         3.28771e+22          5.5631e+22         4.04931e+22                   0
          10         4.98582e+22         8.66356e+22         4.79528e+22                   0
          11          6.9649e+22         1.23252e+23         5.48508e+22                   0
          12          9.1972e+22         1.64938e+23         6.12787e+22                   0
          13         1.16592e+23         2.11227e+23         6.73023e+22                   0
          14         1.43308e+23         2.61719e+23         7.29714e+22                   0
          15         1.71934e+23         3.16048e+23         7.78907e+22                   0
          16         2.02178e+23         3.73648e+23         8.16718e+22                   0
          17           2.336e+23         4.33678e+23         8.45818e+22                   0
          18         2.65732e+23         4.95243e+23         8.68195e+22                   0
          19         2.98147e+23         5.57515e+23         8.85337e+22                   0
          20         3.30482e+23         6.19786e+23         8.98376e+22                   0
          21         3.62445e+23          6.8148e+23         9.08189e+22                   0
          22         3.93812e+23         7.42151e+23         9.15462e+22                   0
          23         4.24421e+23         8.01469e+23         9.20743e+22                   0
          24         4.54162e+23         8.59209e+23         9.24471e+22                   0
          25         4.82973e+23         9.15237e+23         9.27004e+22                   0


Ar-40 + neutron, exciton state: (1,0,1,1)
Recall: Units for lambda are [1/s].

    E_x(MeV)          lambda_pi+          lambda_nu+       lambda_pi->nu       lambda_nu->pi
--------------------------------------------------------------------------------------------
           1                   0                   0                   0                   0
           2                   0                   0                   0                   0
           3                   0                   0                   0                   0
           4                   0                   0                   0                   0
           5                   0         7.10148e+17                   0                   0
           6         8.56093e+20         5.62188e+21                   0         6.38142e+21
           7         5.74474e+21         1.91636e+22                   0         1.36532e+22
           8         1.55709e+22         4.02466e+22                   0         2.00252e+22
           9          3.0096e+22         6.80073e+22                   0         2.57058e+22
          10         4.89051e+22         1.01689e+23                   0         3.08645e+22
          11         7.15921e+22         1.40658e+23                   0           3.561e+22
          12         9.77952e+22         1.84388e+23                   0         4.00147e+22
          13         1.27199e+23         2.32434e+23                   0         4.41299e+22
          14          1.5953e+23         2.84416e+23                   0         4.79939e+22
          15         1.94537e+23         3.39984e+23                   0         5.13498e+22
          16         2.31846e+23         3.98574e+23                   0         5.39421e+22
          17          2.7091e+23         4.59336e+23                   0         5.59471e+22
          18         3.11144e+23         5.21367e+23                   0         5.74972e+22
          19         3.51996e+23         5.83849e+23                   0         5.86919e+22
          20         3.92993e+23         6.46086e+23                   0         5.96071e+22
          21         4.33743e+23         7.07526e+23                   0          6.0302e+22
          22         4.73938e+23         7.67746e+23                   0          6.0823e+22
          23         5.13344e+23         8.26442e+23                   0         6.12072e+22
          24         5.51801e+23         8.83414e+23                   0         6.14844e+22
          25         5.89205e+23         9.38551e+23                   0         6.16788e+22


Ar-40 + neutron, exciton state: (2,1,0,0)
Recall: Units for lambda are [1/s].

    E_x(MeV)          lambda_pi+          lambda_nu+       lambda_pi->nu       lambda_nu->pi
--------------------------------------------------------------------------------------------
           1                   0                   0                   0                   0
           2                   0                   0                   0                   0
           3                   0                   0                   0                   0
           4                   0                   0                   0                   0
           5                   0                   0                   0                   0
           6                   0         5.29754e+21         7.75144e+22                   0
           7         2.66263e+18         2.00777e+22         9.36675e+22                   0
           8         4.51231e+20         4.30369e+22         1.08647e+23                   0
           9         2.42389e+21         7.31159e+22         1.22587e+23                   0
          10         6.36109e+21         1.09466e+23         1.35612e+23                   0
          11         1.23125e+22         1.51401e+23         1.47825e+23                   0
          12         2.01991e+22         1.98353e+23         1.59314e+23                   0
          13          2.9903e+22          2.4985e+23         1.70153e+23                   0
          14         4.12998e+22         3.05489e+23         1.80406e+23                   0
          15          5.4266e+22         3.64901e+23         1.89071e+23                   0
          16         6.86412e+22         4.27484e+23         1.95237e+23                   0
          17         8.42034e+22         4.92332e+23         1.99582e+23                   0
          18         1.00703e+23         5.58485e+23         2.02586e+23                   0
          19         1.17893e+23         6.25071e+23         2.04589e+23                   0
          20         1.35542e+23         6.91354e+23         2.05838e+23                   0
          21          1.5345e+23         7.56748e+23          2.0652e+23                   0
          22         1.71444e+23         8.20807e+23         2.06776e+23                   0
          23         1.89386e+23         8.83212e+23         2.06715e+23                   0
          24         2.07164e+23         9.43755e+23         2.06421e+23                   0
          25         2.24698e+23         1.00232e+24         2.05963e+23                   0


Ar-40 + neutron, exciton state: (0,0,2,1)
Recall: Units for lambda are [1/s].

    E_x(MeV)          lambda_pi+          lambda_nu+       lambda_pi->nu       lambda_nu->pi
--------------------------------------------------------------------------------------------
           1                   0                   0                   0                   0
           2                   0                   0                   0                   0
           3                   0                   0                   0                   0
           4                   0                   0                   0                   0
           5                   0                   0                   0                   0
           6         6.73335e+21                   0                   0         4.79429e+22
           7         2.07882e+22         4.62042e+20                   0          5.8857e+22
           8         4.13961e+22         4.65506e+21                   0         6.89803e+22
           9          6.7706e+22         1.46015e+22                   0         7.84037e+22
          10         9.90378e+22         3.05168e+22                   0         8.72095e+22
          11         1.34842e+23         5.21129e+22                   0         9.54678e+22
          12         1.74664e+23         7.89849e+22                   0         1.03238e+23
          13         2.18128e+23         1.10723e+23                   0          1.1057e+23
          14         2.64909e+23         1.46946e+23                   0         1.17506e+23
          15         3.14711e+23         1.87295e+23                   0         1.23393e+23
          16         3.67037e+23         2.31295e+23                   0         1.27634e+23
          17         4.21128e+23         2.78282e+23                   0         1.30668e+23
          18         4.76186e+23         3.27521e+23                   0         1.32807e+23
          19          5.3149e+23         3.78299e+23                   0         1.34274e+23
          20         5.86437e+23         4.29972e+23                   0         1.35233e+23
          21          6.4055e+23         4.81984e+23                   0         1.35807e+23
          22          6.9347e+23         5.33878e+23                   0         1.36088e+23
          23         7.44945e+23         5.85288e+23                   0         1.36151e+23
          24         7.94811e+23         6.35938e+23                   0         1.36052e+23
          25         8.42987e+23         6.85629e+23                   0         1.35836e+23


Ar-40 + neutron, exciton state: (2,2,0,0)
Recall: Units for lambda are [1/s].

    E_x(MeV)          lambda_pi+          lambda_nu+       lambda_pi->nu       lambda_nu->pi
--------------------------------------------------------------------------------------------
           1                   0                   0                   0                   0
           2                   0                   0                   0                   0
           3                   0                   0                   0                   0
           4                   0                   0                   0                   0
           5                   0         4.11905e+20           9.194e+22                   0
           6                   0         5.48962e+21         1.14361e+23                   0
           7         1.25083e+19         1.60795e+22         1.35882e+23                   0
           8          3.5272e+20         3.18562e+22         1.56556e+23                   0
           9         2.36783e+21         6.17343e+22          1.8486e+23                   0
          10           5.815e+21         9.25801e+22         2.06528e+23                   0
          11         1.10007e+22         1.28721e+23          2.2727e+23                   0
          12          1.7907e+22         1.69722e+23         2.47113e+23                   0
          13         2.64677e+22         2.15196e+23         2.66097e+23                   0
          14         3.65987e+22         2.64801e+23         2.84272e+23                   0
          15         4.82117e+22         3.18235e+23         3.01688e+23                   0
          16         6.12202e+22          3.7523e+23         3.18392e+23                   0
          17         7.55422e+22         4.35548e+23         3.34431e+23                   0
          18         9.11008e+22         4.98974e+23         3.49846e+23                   0
          19         1.07825e+23         5.65314e+23         3.64674e+23                   0
          20         1.25648e+23         6.34394e+23         3.78953e+23                   0
          21          1.4451e+23         7.06055e+23         3.92714e+23                   0
          22         1.64355e+23         7.80152e+23         4.05988e+23                   0
          23          1.8513e+23         8.56551e+23         4.18801e+23                   0
          24         2.06786e+23          9.3513e+23         4.31179e+23                   0
          25          2.2928e+23         1.01578e+24         4.43146e+23                   0


Ar-40 + neutron, exciton state: (0,0,2,2)
Recall: Units for lambda are [1/s].

    E_x(MeV)          lambda_pi+          lambda_nu+       lambda_pi->nu       lambda_nu->pi
--------------------------------------------------------------------------------------------
           1                   0                   0                   0                   0
           2                   0                   0                   0                   0
           3                   0                   0                   0                   0
           4                   0                   0                   0                   0
           5          6.6752e+20                   0                   0         5.39964e+22
           6         5.53837e+21         7.88233e+16                   0         6.91603e+22
           7         1.48904e+22         3.42164e+20                   0         8.37155e+22
           8         2.84591e+22         2.75946e+21                   0         9.76977e+22
           9         5.37906e+22         1.17603e+22                   0         1.16782e+23
          10         7.97148e+22          2.4677e+22                   0         1.31419e+23
          11         1.09942e+23         4.25952e+22                   0         1.45431e+23
          12         1.44118e+23         6.53105e+22                   0         1.58837e+23
          13         1.81926e+23         9.25569e+22                   0         1.71663e+23
          14         2.23089e+23         1.24057e+23                   0         1.83944e+23
          15         2.67361e+23         1.59542e+23                   0         1.95712e+23
          16         3.14524e+23         1.98761e+23                   0         2.07001e+23
          17         3.64385e+23         2.41481e+23                   0          2.1784e+23
          18         4.16769e+23          2.8749e+23                   0         2.28258e+23
          19         4.71519e+23         3.36591e+23                   0         2.38281e+23
          20         5.28494e+23         3.88604e+23                   0         2.47932e+23
          21         5.87564e+23         4.43366e+23                   0         2.57234e+23
          22         6.48611e+23         5.00725e+23                   0         2.66207e+23
          23         7.11527e+23         5.60541e+23                   0         2.74869e+23
          24         7.76214e+23         6.22686e+23                   0         2.83237e+23
          25         8.42578e+23         6.87039e+23                   0         2.91328e+23


Ar-40 + neutron, exciton state: (1,1,1,1)
Recall: Units for lambda are [1/s].

    E_x(MeV)          lambda_pi+          lambda_nu+       lambda_pi->nu       lambda_nu->pi
--------------------------------------------------------------------------------------------
           1                   0                   0                   0                   0
           2                   0                   0                   0                   0
           3                   0                   0                   0                   0
           4                   0                   0                   0                   0
           5         6.97753e+18         6.40477e+19         1.65188e+21         4.52158e+20
           6         7.61933e+20         2.13869e+21         8.51525e+21         4.60823e+21
           7         3.75619e+21         8.51069e+21         1.52559e+22         9.21547e+21
           8         9.46692e+21          1.9607e+22         2.14609e+22         1.35072e+22
           9         2.18915e+22         4.25949e+22         2.94849e+22         1.90314e+22
          10         3.58139e+22         6.76454e+22         3.55574e+22         2.31949e+22
          11         5.28899e+22         9.79025e+22         4.12914e+22         2.71111e+22
          12         7.28896e+22         1.32968e+23         4.67255e+22         3.08108e+22
          13         9.55969e+22         1.72476e+23         5.18902e+22         3.43187e+22
          14         1.20815e+23         2.16098e+23         5.68109e+22         3.76545e+22
          15         1.48367e+23         2.63539e+23          6.1509e+22         4.08345e+22
          16         1.78093e+23         3.14536e+23         6.60026e+22         4.38724e+22
          17         2.09849e+23         3.68852e+23         7.03076e+22         4.67799e+22
          18         2.43508e+23         4.26275e+23         7.44379e+22         4.95669e+22
          19          2.7895e+23         4.86614e+23         7.84057e+22         5.22424e+22
          20         3.16072e+23         5.49693e+23         8.22218e+22         5.48141e+22
          21         3.54774e+23         6.15355e+23         8.58961e+22          5.7289e+22
          22          3.9497e+23         6.83455e+23         8.94373e+22         5.96731e+22
          23         4.36577e+23         7.53859e+23         9.28534e+22          6.1972e+22
          24          4.7952e+23         8.26445e+23         9.61517e+22          6.4191e+22
          25         5.23732e+23           9.011e+23         9.93387e+22         6.63344e+22


