# omega comparison report
# generated: 2026-06-16T09:44:58.170899
#
# file1: /Users/erinvisser/Downloads/opencode/talys/samples/n-Ar40-preeq/fixed_V_run/ph_density.out
#   particle-hole state density: 25 rows, 13 cols
#   spin distribution:           12 rows, 11 cols
#
# file2: /Users/erinvisser/Downloads/opencode/exciton/omega_printouts/omega_neutron_Ar40_Vfixed.txt
#   particle-hole state density: 25 rows, 13 cols
#   spin distribution:           0 rows, 0 cols
#
# Description:
#   Block 1 (particle-hole state density): delta per column for Ex = 1..25 MeV
#   Block 2 (spin distribution):           delta per column for n = 1..12
#
# tolerance: 1e-04
# values shown: abs(file1 - file2)
#
# --- particle-hole state density ---
# columns: 13
# entries: 25
##            Ex    delta_P(3)    delta_g(p)    delta_g(n)delta_1p1h0p0hdelta_0p0h1p1hdelta_1p1h1p0hdelta_1p0h1p1hdelta_2p1h0p0hdelta_0p0h2p1hdelta_2p2h0p0hdelta_0p0h2p2hdelta_1p1h1p1h
##           MeV           MeV        MeV^-1        MeV^-1        MeV^-1        MeV^-1        MeV^-1        MeV^-1        MeV^-1        MeV^-1        MeV^-1        MeV^-1        MeV^-1
    1.000000E+00   0.000000E+00   0.000000E+00   0.000000E+00   0.000000E+00   0.000000E+00   0.000000E+00   0.000000E+00   0.000000E+00   0.000000E+00   0.000000E+00   0.000000E+00   0.000000E+00
    2.000000E+00   0.000000E+00   0.000000E+00   0.000000E+00   0.000000E+00   0.000000E+00   0.000000E+00   1.000000E-06   0.000000E+00   0.000000E+00   0.000000E+00   0.000000E+00   0.000000E+00
    3.000000E+00   0.000000E+00   0.000000E+00   0.000000E+00   0.000000E+00   0.000000E+00   0.000000E+00   1.000000E-06   0.000000E+00   0.000000E+00   0.000000E+00   1.000000E-06   0.000000E+00
    4.000000E+00   0.000000E+00   0.000000E+00   0.000000E+00   0.000000E+00   0.000000E+00   0.000000E+00   0.000000E+00   0.000000E+00   1.000000E-06   0.000000E+00   2.000000E-06   1.000000E-05
    5.000000E+00   0.000000E+00   0.000000E+00   0.000000E+00   0.000000E+00   1.000000E-05   0.000000E+00   0.000000E+00   1.000000E-06   0.000000E+00   2.000000E-06   0.000000E+00   0.000000E+00
    6.000000E+00   0.000000E+00   0.000000E+00   0.000000E+00   0.000000E+00   0.000000E+00   0.000000E+00   0.000000E+00   1.000000E-06   0.000000E+00   0.000000E+00   1.000000E-05   0.000000E+00
    7.000000E+00   0.000000E+00   0.000000E+00   0.000000E+00   0.000000E+00   0.000000E+00   0.000000E+00   1.000000E-05   0.000000E+00   0.000000E+00   0.000000E+00   1.000000E-05   0.000000E+00
    8.000000E+00   0.000000E+00   0.000000E+00   0.000000E+00   0.000000E+00   0.000000E+00   0.000000E+00   0.000000E+00   0.000000E+00   1.000000E-05   0.000000E+00   2.000000E-05   0.000000E+00
    9.000000E+00   0.000000E+00   0.000000E+00   0.000000E+00   0.000000E+00   0.000000E+00   0.000000E+00   0.000000E+00   0.000000E+00   0.000000E+00   1.000000E-05   0.000000E+00   0.000000E+00
    1.000000E+01   0.000000E+00   0.000000E+00   0.000000E+00   0.000000E+00   0.000000E+00   0.000000E+00   0.000000E+00   0.000000E+00   1.000000E-05   1.000000E-05   0.000000E+00   1.000000E-04
    1.100000E+01   0.000000E+00   0.000000E+00   0.000000E+00   0.000000E+00   0.000000E+00   0.000000E+00   1.000000E-04   0.000000E+00   1.000000E-05   0.000000E+00   0.000000E+00   0.000000E+00
    1.200000E+01   0.000000E+00   0.000000E+00   0.000000E+00   0.000000E+00   0.000000E+00   0.000000E+00   0.000000E+00   0.000000E+00   0.000000E+00   0.000000E+00   1.000000E-04   1.000000E-04
    1.300000E+01   0.000000E+00   0.000000E+00   0.000000E+00   1.224440E+00   1.999160E+00   7.587000E-01   9.556000E-01   2.373900E-01   5.274000E-01   0.000000E+00   1.000000E-04   0.000000E+00
    1.400000E+01   0.000000E+00   0.000000E+00   0.000000E+00   2.664440E+00   4.350270E+00   3.605700E+00   4.546400E+00   1.147830E+00   2.537400E+00   0.000000E+00   1.000000E-04   0.000000E+00
    1.500000E+01   0.000000E+00   0.000000E+00   0.000000E+00   4.104440E+00   6.701380E+00   8.583400E+00   1.083270E+01   2.773080E+00   6.104000E+00   0.000000E+00   1.000000E-04   0.000000E+00
    1.600000E+01   0.000000E+00   0.000000E+00   0.000000E+00   5.544440E+00   9.052490E+00   1.570630E+01   1.983790E+01   5.139600E+00   1.127140E+01   0.000000E+00   1.000000E-04   0.000000E+00
    1.700000E+01   0.000000E+00   0.000000E+00   0.000000E+00   6.984440E+00   1.140361E+01   2.498530E+01   3.157970E+01   8.267940E+00   1.807370E+01   0.000000E+00   0.000000E+00   0.000000E+00
    1.800000E+01   0.000000E+00   0.000000E+00   0.000000E+00   8.424440E+00   1.375472E+01   3.642900E+01   4.607220E+01   1.217430E+01   2.653800E+01   0.000000E+00   0.000000E+00   0.000000E+00
    1.900000E+01   0.000000E+00   0.000000E+00   0.000000E+00   9.864440E+00   1.610583E+01   5.004410E+01   6.332630E+01   1.687180E+01   3.668560E+01   1.000000E-04   0.000000E+00   0.000000E+00
    2.000000E+01   0.000000E+00   0.000000E+00   0.000000E+00   1.130444E+01   1.845694E+01   6.583610E+01   8.335090E+01   2.237070E+01   4.853380E+01   0.000000E+00   1.000000E-03   0.000000E+00
    2.100000E+01   0.000000E+00   0.000000E+00   0.000000E+00   1.274444E+01   2.080805E+01   8.380940E+01   1.061533E+02   2.867970E+01   6.209670E+01   0.000000E+00   0.000000E+00   1.000000E-03
    2.200000E+01   0.000000E+00   0.000000E+00   0.000000E+00   1.418444E+01   2.315916E+01   1.039676E+02   1.317393E+02   3.580590E+01   7.738590E+01   1.000000E-04   1.000000E-03   0.000000E+00
    2.300000E+01   0.000000E+00   0.000000E+00   0.000000E+00   1.562444E+01   2.551027E+01   1.263137E+02   1.601138E+02   4.375520E+01   9.441120E+01   1.000000E-04   0.000000E+00   1.000000E-03
    2.400000E+01   0.000000E+00   0.000000E+00   0.000000E+00   1.706444E+01   2.786138E+01   1.508503E+02   1.912809E+02   5.253240E+01   1.131804E+02   0.000000E+00   0.000000E+00   0.000000E+00
    2.500000E+01   0.000000E+00   0.000000E+00   0.000000E+00   1.850444E+01   3.021249E+01   1.775792E+02   2.252438E+02   6.214190E+01   1.337008E+02   0.000000E+00   0.000000E+00   1.000000E-03
#
# FAIL: 86/300 values differ beyond tol=1e-04
# Max absolute difference: 2.252438e+02  (row 24, col 7)
# [SKIP] spin distribution: no data
