# omega comparison report
# generated: 2026-06-16T09:53:04.380539
#
# file1: /Users/erinvisser/Downloads/opencode/talys/samples/n-Ar40-preeq/fixed_V_run/ph_density.out
#   particle-hole state density: 25 rows, 13 cols
#   spin distribution:           12 rows, 11 cols
#
# file2: /Users/erinvisser/Downloads/opencode/exciton/omega_printouts/omega_neutron_Ar40_V38_spin30.txt
#   particle-hole state density: 25 rows, 13 cols
#   spin distribution:           12 rows, 11 cols
#
# Description:
#   Block 1 (particle-hole state density): delta per column for Ex = 1..25 MeV
#   Block 2 (spin distribution):           delta per column for n = 1..12
#
# tolerance: 1e-04
# values shown: abs(file1 - file2)
#
# --- particle-hole state density ---
# columns: 13
# entries: 25
##            Ex    delta_P(3)    delta_g(p)    delta_g(n)delta_1p1h0p0hdelta_0p0h1p1hdelta_1p1h1p0hdelta_1p0h1p1hdelta_2p1h0p0hdelta_0p0h2p1hdelta_2p2h0p0hdelta_0p0h2p2hdelta_1p1h1p1h
##           MeV           MeV        MeV^-1        MeV^-1        MeV^-1        MeV^-1        MeV^-1        MeV^-1        MeV^-1        MeV^-1        MeV^-1        MeV^-1        MeV^-1
    1.000000E+00   0.000000E+00   0.000000E+00   0.000000E+00   0.000000E+00   0.000000E+00   0.000000E+00   0.000000E+00   0.000000E+00   0.000000E+00   0.000000E+00   0.000000E+00   0.000000E+00
    2.000000E+00   0.000000E+00   0.000000E+00   0.000000E+00   0.000000E+00   0.000000E+00   0.000000E+00   1.000000E-06   0.000000E+00   0.000000E+00   0.000000E+00   0.000000E+00   0.000000E+00
    3.000000E+00   0.000000E+00   0.000000E+00   0.000000E+00   0.000000E+00   0.000000E+00   0.000000E+00   1.000000E-06   0.000000E+00   0.000000E+00   0.000000E+00   1.000000E-06   0.000000E+00
    4.000000E+00   0.000000E+00   0.000000E+00   0.000000E+00   0.000000E+00   0.000000E+00   0.000000E+00   0.000000E+00   0.000000E+00   1.000000E-06   0.000000E+00   2.000000E-06   1.000000E-05
    5.000000E+00   0.000000E+00   0.000000E+00   0.000000E+00   0.000000E+00   1.000000E-05   0.000000E+00   0.000000E+00   1.000000E-06   0.000000E+00   2.000000E-06   0.000000E+00   0.000000E+00
    6.000000E+00   0.000000E+00   0.000000E+00   0.000000E+00   0.000000E+00   0.000000E+00   0.000000E+00   0.000000E+00   1.000000E-06   0.000000E+00   0.000000E+00   1.000000E-05   0.000000E+00
    7.000000E+00   0.000000E+00   0.000000E+00   0.000000E+00   0.000000E+00   0.000000E+00   0.000000E+00   1.000000E-05   0.000000E+00   0.000000E+00   0.000000E+00   1.000000E-05   0.000000E+00
    8.000000E+00   0.000000E+00   0.000000E+00   0.000000E+00   0.000000E+00   0.000000E+00   0.000000E+00   0.000000E+00   0.000000E+00   1.000000E-05   0.000000E+00   2.000000E-05   0.000000E+00
    9.000000E+00   0.000000E+00   0.000000E+00   0.000000E+00   0.000000E+00   0.000000E+00   0.000000E+00   0.000000E+00   0.000000E+00   0.000000E+00   1.000000E-05   0.000000E+00   0.000000E+00
    1.000000E+01   0.000000E+00   0.000000E+00   0.000000E+00   0.000000E+00   0.000000E+00   0.000000E+00   0.000000E+00   0.000000E+00   1.000000E-05   1.000000E-05   0.000000E+00   1.000000E-04
    1.100000E+01   0.000000E+00   0.000000E+00   0.000000E+00   0.000000E+00   0.000000E+00   0.000000E+00   1.000000E-04   0.000000E+00   1.000000E-05   0.000000E+00   0.000000E+00   0.000000E+00
    1.200000E+01   0.000000E+00   0.000000E+00   0.000000E+00   0.000000E+00   0.000000E+00   0.000000E+00   0.000000E+00   0.000000E+00   0.000000E+00   0.000000E+00   1.000000E-04   1.000000E-04
    1.300000E+01   0.000000E+00   0.000000E+00   0.000000E+00   0.000000E+00   0.000000E+00   0.000000E+00   1.000000E-04   0.000000E+00   0.000000E+00   0.000000E+00   1.000000E-04   0.000000E+00
    1.400000E+01   0.000000E+00   0.000000E+00   0.000000E+00   0.000000E+00   1.000000E-05   0.000000E+00   0.000000E+00   0.000000E+00   0.000000E+00   0.000000E+00   1.000000E-04   0.000000E+00
    1.500000E+01   0.000000E+00   0.000000E+00   0.000000E+00   0.000000E+00   1.000000E-05   0.000000E+00   1.000000E-04   0.000000E+00   0.000000E+00   0.000000E+00   1.000000E-04   0.000000E+00
    1.600000E+01   0.000000E+00   0.000000E+00   0.000000E+00   0.000000E+00   1.000000E-05   0.000000E+00   0.000000E+00   1.000000E-05   0.000000E+00   0.000000E+00   1.000000E-04   0.000000E+00
    1.700000E+01   0.000000E+00   0.000000E+00   0.000000E+00   0.000000E+00   0.000000E+00   0.000000E+00   0.000000E+00   0.000000E+00   1.000000E-04   0.000000E+00   0.000000E+00   0.000000E+00
    1.800000E+01   0.000000E+00   0.000000E+00   0.000000E+00   0.000000E+00   0.000000E+00   0.000000E+00   0.000000E+00   0.000000E+00   0.000000E+00   0.000000E+00   0.000000E+00   0.000000E+00
    1.900000E+01   0.000000E+00   0.000000E+00   0.000000E+00   0.000000E+00   0.000000E+00   0.000000E+00   0.000000E+00   0.000000E+00   0.000000E+00   1.000000E-04   0.000000E+00   0.000000E+00
    2.000000E+01   0.000000E+00   0.000000E+00   0.000000E+00   0.000000E+00   0.000000E+00   0.000000E+00   1.000000E-04   0.000000E+00   0.000000E+00   0.000000E+00   1.000000E-03   0.000000E+00
    2.100000E+01   0.000000E+00   0.000000E+00   0.000000E+00   0.000000E+00   0.000000E+00   0.000000E+00   0.000000E+00   0.000000E+00   0.000000E+00   0.000000E+00   0.000000E+00   1.000000E-03
    2.200000E+01   0.000000E+00   0.000000E+00   0.000000E+00   0.000000E+00   0.000000E+00   0.000000E+00   1.000000E-04   0.000000E+00   1.000000E-04   1.000000E-04   1.000000E-03   0.000000E+00
    2.300000E+01   0.000000E+00   0.000000E+00   0.000000E+00   0.000000E+00   1.000000E-05   0.000000E+00   0.000000E+00   0.000000E+00   0.000000E+00   1.000000E-04   0.000000E+00   1.000000E-03
    2.400000E+01   0.000000E+00   0.000000E+00   0.000000E+00   0.000000E+00   1.000000E-05   1.000000E-04   0.000000E+00   0.000000E+00   1.000000E-04   0.000000E+00   0.000000E+00   0.000000E+00
    2.500000E+01   0.000000E+00   0.000000E+00   0.000000E+00   0.000000E+00   1.000000E-05   0.000000E+00   0.000000E+00   0.000000E+00   0.000000E+00   0.000000E+00   0.000000E+00   1.000000E-03
#
# FAIL: 11/300 values differ beyond tol=1e-04
# Max absolute difference: 1.000000e-03  (row 20, col 12)
# --- spin distribution ---
# columns: 11
# entries: 12
##             n     delta_J=0     delta_J=1     delta_J=2     delta_J=3     delta_J=4     delta_J=5     delta_J=6     delta_J=7     delta_J=8     delta_Sum
##                                                                                                                                                          
    1.000000E+00   0.000000E+00   0.000000E+00   0.000000E+00   0.000000E+00   1.000000E-08   1.000000E-08   1.000000E-09   0.000000E+00   3.000000E-11   0.000000E+00
    2.000000E+00   0.000000E+00   0.000000E+00   0.000000E+00   0.000000E+00   0.000000E+00   0.000000E+00   0.000000E+00   0.000000E+00   2.000000E-09   0.000000E+00
    3.000000E+00   0.000000E+00   1.000000E-08   0.000000E+00   0.000000E+00   1.000000E-07   0.000000E+00   0.000000E+00   0.000000E+00   0.000000E+00   1.000000E-07
    4.000000E+00   0.000000E+00   0.000000E+00   0.000000E+00   0.000000E+00   0.000000E+00   0.000000E+00   1.000000E-07   1.000000E-08   0.000000E+00   0.000000E+00
    5.000000E+00   0.000000E+00   0.000000E+00   1.000000E-08   1.000000E-07   0.000000E+00   0.000000E+00   0.000000E+00   0.000000E+00   1.000000E-08   0.000000E+00
    6.000000E+00   0.000000E+00   0.000000E+00   0.000000E+00   1.000000E-08   0.000000E+00   0.000000E+00   0.000000E+00   0.000000E+00   1.000000E-08   1.000000E-07
    7.000000E+00   0.000000E+00   0.000000E+00   0.000000E+00   0.000000E+00   0.000000E+00   0.000000E+00   0.000000E+00   0.000000E+00   0.000000E+00   0.000000E+00
    8.000000E+00   0.000000E+00   0.000000E+00   0.000000E+00   0.000000E+00   1.000000E-08   0.000000E+00   0.000000E+00   0.000000E+00   0.000000E+00   1.000000E-07
    9.000000E+00   0.000000E+00   0.000000E+00   0.000000E+00   0.000000E+00   0.000000E+00   0.000000E+00   1.000000E-07   0.000000E+00   1.000000E-07   1.000000E-07
    1.000000E+01   0.000000E+00   0.000000E+00   1.000000E-08   0.000000E+00   1.000000E-08   1.000000E-08   0.000000E+00   0.000000E+00   0.000000E+00   0.000000E+00
    1.100000E+01   0.000000E+00   0.000000E+00   0.000000E+00   0.000000E+00   1.000000E-08   1.000000E-08   0.000000E+00   0.000000E+00   0.000000E+00   0.000000E+00
    1.200000E+01   0.000000E+00   1.000000E-09   0.000000E+00   1.000000E-08   0.000000E+00   0.000000E+00   0.000000E+00   1.000000E-08   0.000000E+00   1.000000E-07
#
# PASS: 120 values match within tol=1e-04
# Max absolute difference: 1.000000e-07  (row 11, col 10)
