# omega comparison report - V FIXED
# generated: 2026-06-15T14:27:13.282102
# file1: /Users/erinvisser/Downloads/opencode/talys/samples/n-Ar40-preeq/output/ph_density.out
# file2: /Users/erinvisser/Downloads/opencode/exciton/omega_printouts/...
# rows compared: 18-42 (25 data rows)
# tolerance: 1e-04
#
# columns: 13
# entries: 25
#
##            Ex    delta_P(3)    delta_g(p)    delta_g(n)delta_1p1h0p0hdelta_0p0h1p1hdelta_1p1h1p0hdelta_1p0h1p1hdelta_2p1h0p0hdelta_0p0h2p1hdelta_2p2h0p0hdelta_0p0h2p2hdelta_1p1h1p1h
##           MeV           MeV        MeV^-1        MeV^-1        MeV^-1        MeV^-1        MeV^-1        MeV^-1        MeV^-1        MeV^-1        MeV^-1        MeV^-1        MeV^-1
    1.000000E+00   0.000000E+00   0.000000E+00   0.000000E+00   0.000000E+00   0.000000E+00   0.000000E+00   0.000000E+00   0.000000E+00   0.000000E+00   0.000000E+00   0.000000E+00   0.000000E+00
    2.000000E+00   0.000000E+00   0.000000E+00   0.000000E+00   0.000000E+00   0.000000E+00   0.000000E+00   1.000000E-06   0.000000E+00   0.000000E+00   0.000000E+00   0.000000E+00   0.000000E+00
    3.000000E+00   0.000000E+00   0.000000E+00   0.000000E+00   0.000000E+00   0.000000E+00   0.000000E+00   1.000000E-06   0.000000E+00   0.000000E+00   0.000000E+00   1.000000E-06   0.000000E+00
    4.000000E+00   0.000000E+00   0.000000E+00   0.000000E+00   0.000000E+00   0.000000E+00   0.000000E+00   0.000000E+00   0.000000E+00   1.000000E-06   0.000000E+00   2.000000E-06   1.000000E-05
    5.000000E+00   0.000000E+00   0.000000E+00   0.000000E+00   0.000000E+00   1.000000E-05   0.000000E+00   0.000000E+00   1.000000E-06   0.000000E+00   2.000000E-06   0.000000E+00   0.000000E+00
    6.000000E+00   0.000000E+00   0.000000E+00   0.000000E+00   0.000000E+00   0.000000E+00   0.000000E+00   0.000000E+00   1.000000E-06   0.000000E+00   0.000000E+00   1.000000E-05   0.000000E+00
    7.000000E+00   0.000000E+00   0.000000E+00   0.000000E+00   0.000000E+00   0.000000E+00   0.000000E+00   1.000000E-05   0.000000E+00   0.000000E+00   0.000000E+00   1.000000E-05   0.000000E+00
    8.000000E+00   0.000000E+00   0.000000E+00   0.000000E+00   0.000000E+00   0.000000E+00   0.000000E+00   0.000000E+00   0.000000E+00   1.000000E-05   0.000000E+00   2.000000E-05   0.000000E+00
    9.000000E+00   0.000000E+00   0.000000E+00   0.000000E+00   0.000000E+00   0.000000E+00   0.000000E+00   0.000000E+00   0.000000E+00   0.000000E+00   1.000000E-05   0.000000E+00   0.000000E+00
    1.000000E+01   0.000000E+00   0.000000E+00   0.000000E+00   0.000000E+00   0.000000E+00   0.000000E+00   0.000000E+00   0.000000E+00   1.000000E-05   1.000000E-05   0.000000E+00   1.000000E-04
    1.100000E+01   0.000000E+00   0.000000E+00   0.000000E+00   0.000000E+00   0.000000E+00   0.000000E+00   1.000000E-04   0.000000E+00   1.000000E-05   0.000000E+00   0.000000E+00   0.000000E+00
    1.200000E+01   0.000000E+00   0.000000E+00   0.000000E+00   0.000000E+00   0.000000E+00   0.000000E+00   0.000000E+00   0.000000E+00   0.000000E+00   0.000000E+00   1.000000E-04   1.000000E-04
    1.300000E+01   0.000000E+00   0.000000E+00   0.000000E+00   1.401340E+00   2.287980E+00   9.937000E-01   1.251600E+00   3.109400E-01   6.908000E-01   0.000000E+00   1.000000E-04   0.000000E+00
    1.400000E+01   0.000000E+00   0.000000E+00   0.000000E+00   2.828020E+00   4.617340E+00   4.062000E+00   5.121800E+00   1.293090E+00   2.858500E+00   0.000000E+00   1.000000E-04   0.000000E+00
    1.500000E+01   0.000000E+00   0.000000E+00   0.000000E+00   4.251530E+00   6.941530E+00   9.209700E+00   1.162300E+01   2.975390E+00   6.549300E+00   0.000000E+00   1.000000E-04   0.000000E+00
    1.600000E+01   0.000000E+00   0.000000E+00   0.000000E+00   5.671410E+00   9.259790E+00   1.643390E+01   2.075690E+01   5.377690E+00   1.179350E+01   0.000000E+00   1.000000E-04   0.000000E+00
    1.700000E+01   0.000000E+00   0.000000E+00   0.000000E+00   7.087170E+00   1.157133E+01   2.572570E+01   3.251550E+01   8.512930E+00   1.860930E+01   0.000000E+00   0.000000E+00   0.000000E+00
    1.800000E+01   0.000000E+00   0.000000E+00   0.000000E+00   8.498290E+00   1.387530E+01   3.707040E+01   4.688350E+01   1.238870E+01   2.700530E+01   0.000000E+00   0.000000E+00   0.000000E+00
    1.900000E+01   0.000000E+00   0.000000E+00   0.000000E+00   9.904240E+00   1.617081E+01   5.044870E+01   6.383830E+01   1.700820E+01   3.698220E+01   1.000000E-04   0.000000E+00   0.000000E+00
    2.000000E+01   0.000000E+00   0.000000E+00   0.000000E+00   1.130444E+01   1.845694E+01   6.583610E+01   8.335090E+01   2.237070E+01   4.853380E+01   0.000000E+00   1.000000E-03   0.000000E+00
    2.100000E+01   0.000000E+00   0.000000E+00   0.000000E+00   1.269831E+01   2.073273E+01   8.320370E+01   1.053863E+02   2.847250E+01   6.164790E+01   0.000000E+00   0.000000E+00   1.000000E-03
    2.200000E+01   0.000000E+00   0.000000E+00   0.000000E+00   1.408524E+01   2.299719E+01   1.025184E+02   1.299031E+02   3.530690E+01   7.630720E+01   1.000000E-04   1.000000E-03   0.000000E+00
    2.300000E+01   0.000000E+00   0.000000E+00   0.000000E+00   1.546460E+01   2.524930E+01   1.237425E+02   1.568547E+02   4.286450E+01   9.248940E+01   1.000000E-04   0.000000E+00   1.000000E-03
    2.400000E+01   0.000000E+00   0.000000E+00   0.000000E+00   1.683576E+01   2.748801E+01   1.468343E+02   1.861885E+02   5.113390E+01   1.101673E+02   0.000000E+00   0.000000E+00   0.000000E+00
    2.500000E+01   0.000000E+00   0.000000E+00   0.000000E+00   1.819806E+01   2.971226E+01   1.717475E+02   2.178469E+02   6.010110E+01   1.293101E+02   0.000000E+00   0.000000E+00   1.000000E-03
#
# FAIL: 86/325 values differ beyond tol=1e-04
# Max absolute difference: 2.178469e+02  (row 24, col 7)