# omega comparison report
# generated: 2026-06-16T09:34:33.960945
#
# file1: /Users/erinvisser/Downloads/opencode/talys/samples/n-Ar40-preeq/parameter_V_run/ph_density.out
#   particle-hole state density: 25 rows, 13 cols
#   spin distribution:           12 rows, 11 cols
#
# file2: /Users/erinvisser/Downloads/opencode/exciton/omega_printouts/omega_neutron_Ar40_spin6.txt
#   particle-hole state density: 25 rows, 13 cols
#   spin distribution:           12 rows, 11 cols
#
# Description:
#   Block 1 (particle-hole state density): delta per column for Ex = 1..25 MeV
#   Block 2 (spin distribution):           delta per column for n = 1..12
#
# tolerance: 1e-04
# values shown: abs(file1 - file2)
#
# --- particle-hole state density ---
# columns: 13
# entries: 25
##            Ex    delta_P(3)    delta_g(p)    delta_g(n)delta_1p1h0p0hdelta_0p0h1p1hdelta_1p1h1p0hdelta_1p0h1p1hdelta_2p1h0p0hdelta_0p0h2p1hdelta_2p2h0p0hdelta_0p0h2p2hdelta_1p1h1p1h
##           MeV           MeV        MeV^-1        MeV^-1        MeV^-1        MeV^-1        MeV^-1        MeV^-1        MeV^-1        MeV^-1        MeV^-1        MeV^-1        MeV^-1
    1.000000E+00   0.000000E+00   0.000000E+00   0.000000E+00   0.000000E+00   0.000000E+00   0.000000E+00   0.000000E+00   0.000000E+00   0.000000E+00   0.000000E+00   0.000000E+00   0.000000E+00
    2.000000E+00   0.000000E+00   0.000000E+00   0.000000E+00   0.000000E+00   0.000000E+00   0.000000E+00   1.000000E-06   0.000000E+00   0.000000E+00   0.000000E+00   0.000000E+00   0.000000E+00
    3.000000E+00   0.000000E+00   0.000000E+00   0.000000E+00   0.000000E+00   0.000000E+00   0.000000E+00   1.000000E-06   0.000000E+00   0.000000E+00   0.000000E+00   1.000000E-06   0.000000E+00
    4.000000E+00   0.000000E+00   0.000000E+00   0.000000E+00   1.772300E-02   2.893800E-02   1.230000E-03   1.500000E-03   1.940000E-04   5.420000E-04   1.200000E-05   4.000000E-05   1.700000E-04
    5.000000E+00   0.000000E+00   0.000000E+00   0.000000E+00   1.827690E-01   2.984200E-01   1.355900E-01   1.666100E-01   2.698500E-02   6.921000E-02   1.556300E-02   4.715000E-02   1.756600E-01
    6.000000E+00   0.000000E+00   0.000000E+00   0.000000E+00   3.478160E-01   5.678900E-01   5.025300E-01   6.217800E-01   1.146970E-01   2.809800E-01   1.183500E-01   3.498900E-01   1.210600E+00
    7.000000E+00   0.000000E+00   0.000000E+00   0.000000E+00   5.128620E-01   8.373600E-01   1.110620E+00   1.380880E+00   2.775300E-01   6.603500E-01   4.062800E-01   1.181340E+00   3.881000E+00
    8.000000E+00   0.000000E+00   0.000000E+00   0.000000E+00   6.779100E-01   1.106830E+00   1.964250E+00   2.450970E+00   5.235300E-01   1.220760E+00   9.865800E-01   2.834530E+00   8.962300E+00
    9.000000E+00   0.000000E+00   0.000000E+00   0.000000E+00   1.143550E+00   1.867090E+00   3.274070E+00   4.096610E+00   9.157400E-01   2.103920E+00   1.983690E+00   5.647900E+00   1.733960E+01
    1.000000E+01   0.000000E+00   0.000000E+00   0.000000E+00   1.617660E+00   2.641180E+00   5.279860E+00   6.620700E+00   1.533090E+00   3.482600E+00   3.611650E+00   1.021000E+01   3.062280E+01
    1.100000E+01   0.000000E+00   0.000000E+00   0.000000E+00   2.091780E+00   3.415280E+00   7.990100E+00   1.003700E+01   2.390510E+00   5.381920E+00   6.123390E+00   1.721180E+01   5.065300E+01
    1.200000E+01   0.000000E+00   0.000000E+00   0.000000E+00   2.565890E+00   4.189370E+00   1.141020E+01   1.435440E+01   3.498300E+00   7.819070E+00   9.780800E+00   2.736300E+01   7.927170E+01
    1.300000E+01   0.000000E+00   0.000000E+00   0.000000E+00   2.144810E+00   3.501860E+00   1.498660E+01   1.887680E+01   4.689330E+00   1.041870E+01   1.487430E+01   4.144930E+01   1.185020E+02
    1.400000E+01   0.000000E+00   0.000000E+00   0.000000E+00   1.571910E+00   2.566480E+00   1.776000E+01   2.239370E+01   5.653700E+00   1.249830E+01   2.185080E+01   6.068680E+01   1.715520E+02
    1.500000E+01   0.000000E+00   0.000000E+00   0.000000E+00   9.990200E-01   1.631110E+00   1.970290E+01   2.486590E+01   6.365430E+00   1.401150E+01   3.123000E+01   8.648690E+01   2.421110E+02
    1.600000E+01   0.000000E+00   0.000000E+00   0.000000E+00   4.261200E-01   6.957400E-01   2.080610E+01   2.627920E+01   6.808390E+00   1.493120E+01   4.354260E+01   1.202837E+02   3.338680E+02
    1.700000E+01   0.000000E+00   0.000000E+00   0.000000E+00   7.050000E-02   1.151000E-01   2.117570E+01   2.676470E+01   7.007300E+00   1.531800E+01   5.932440E+01   1.635208E+02   4.504940E+02
    1.800000E+01   0.000000E+00   0.000000E+00   0.000000E+00   1.933300E-01   3.156500E-01   2.113090E+01   2.672460E+01   7.061870E+00   1.539370E+01   7.916690E+01   2.177926E+02   5.960380E+02
    1.900000E+01   0.000000E+00   0.000000E+00   0.000000E+00   4.571600E-01   7.464100E-01   2.069020E+01   2.618180E+01   6.975400E+00   1.516740E+01   1.037159E+02   2.848360E+02   7.749100E+02
    2.000000E+01   0.000000E+00   0.000000E+00   0.000000E+00   7.209900E-01   1.177160E+00   1.985230E+01   2.513390E+01   6.745700E+00   1.463500E+01   1.336233E+02   3.664050E+02   9.915240E+02
    2.100000E+01   0.000000E+00   0.000000E+00   0.000000E+00   8.910400E-01   1.454810E+00   1.865580E+01   2.362970E+01   6.384100E+00   1.382260E+01   1.695491E+02   4.642680E+02   1.250322E+03
    2.200000E+01   0.000000E+00   0.000000E+00   0.000000E+00   9.898200E-01   1.616090E+00   1.728300E+01   2.189970E+01   5.952200E+00   1.286430E+01   2.122114E+02   5.803560E+02   1.556144E+03
    2.300000E+01   0.000000E+00   0.000000E+00   0.000000E+00   1.088600E+00   1.777370E+00   1.575700E+01   1.997360E+01   5.458200E+00   1.177740E+01   2.623790E+02   7.167290E+02   1.914178E+03
    2.400000E+01   0.000000E+00   0.000000E+00   0.000000E+00   1.187380E+00   1.938650E+00   1.407810E+01   1.785130E+01   4.902600E+00   1.056270E+01   3.208262E+02   8.754660E+02   2.329609E+03
    2.500000E+01   0.000000E+00   0.000000E+00   0.000000E+00   1.255380E+00   2.049690E+00   1.225630E+01   1.554610E+01   4.288900E+00   9.227900E+00   3.883230E+02   1.058631E+03   2.807590E+03
#
# FAIL: 196/300 values differ beyond tol=1e-04
# Max absolute difference: 2.807590e+03  (row 24, col 12)
# --- spin distribution ---
# columns: 11
# entries: 12
##             n     delta_J=0     delta_J=1     delta_J=2     delta_J=3     delta_J=4     delta_J=5     delta_J=6     delta_J=7     delta_J=8     delta_Sum
##                                                                                                                                                          
    1.000000E+00   0.000000E+00   0.000000E+00   0.000000E+00   0.000000E+00   1.000000E-08   1.000000E-08   1.000000E-09   0.000000E+00   3.000000E-11   1.700000E-06
    2.000000E+00   0.000000E+00   0.000000E+00   0.000000E+00   0.000000E+00   0.000000E+00   0.000000E+00   0.000000E+00   0.000000E+00   2.000000E-09   2.178800E-03
    3.000000E+00   0.000000E+00   1.000000E-08   0.000000E+00   0.000000E+00   1.000000E-07   0.000000E+00   0.000000E+00   0.000000E+00   0.000000E+00   2.134810E-02
    4.000000E+00   0.000000E+00   0.000000E+00   0.000000E+00   0.000000E+00   0.000000E+00   0.000000E+00   1.000000E-07   1.000000E-08   0.000000E+00   6.425650E-02
    5.000000E+00   0.000000E+00   0.000000E+00   1.000000E-08   1.000000E-07   0.000000E+00   0.000000E+00   0.000000E+00   0.000000E+00   1.000000E-08   1.220876E-01
    6.000000E+00   0.000000E+00   0.000000E+00   0.000000E+00   1.000000E-08   0.000000E+00   0.000000E+00   0.000000E+00   0.000000E+00   1.000000E-08   1.852014E-01
    7.000000E+00   0.000000E+00   0.000000E+00   0.000000E+00   0.000000E+00   0.000000E+00   0.000000E+00   0.000000E+00   0.000000E+00   0.000000E+00   2.476275E-01
    8.000000E+00   0.000000E+00   0.000000E+00   0.000000E+00   0.000000E+00   1.000000E-08   0.000000E+00   0.000000E+00   0.000000E+00   0.000000E+00   3.064010E-01
    9.000000E+00   0.000000E+00   0.000000E+00   0.000000E+00   0.000000E+00   0.000000E+00   0.000000E+00   1.000000E-07   0.000000E+00   1.000000E-07   3.603362E-01
    1.000000E+01   0.000000E+00   0.000000E+00   1.000000E-08   0.000000E+00   1.000000E-08   1.000000E-08   0.000000E+00   0.000000E+00   0.000000E+00   4.091803E-01
    1.100000E+01   0.000000E+00   0.000000E+00   0.000000E+00   0.000000E+00   1.000000E-08   1.000000E-08   0.000000E+00   0.000000E+00   0.000000E+00   4.531309E-01
    1.200000E+01   0.000000E+00   1.000000E-09   0.000000E+00   1.000000E-08   0.000000E+00   0.000000E+00   0.000000E+00   1.000000E-08   0.000000E+00   4.925787E-01
#
# FAIL: 11/120 values differ beyond tol=1e-04
# Max absolute difference: 4.925787e-01  (row 11, col 10)
